gene.number	Podan2	Neucr2	Spoth2	PenchWisc1_1	Aniger	Penox1	Talst1_2	Trire2	Aoryz	Anidul	ratio
An15g07530	1	1	1	1	1	1	1	1	1	1	1
An08g09500	1	1	1	1	1	1	1	1	1	1	1
An03g03030	1	1	1	1	1	1	1	1	1	1	1
An09g00640	1	0	1	1	1	1	1	1	1	1	0.9
An11g06080	1	1	1	1	1	1	1	1	1	1	1
An11g00200	1	1	1	1	1	1	1	1	1	1	1
An18g03570	1	1	1	1	1	1	1	1	1	1	1
An15g04800	1	1	1	1	1	1	1	1	1	1	1
An07g07630	1	1	1	1	1	1	1	1	1	1	1
An14g01770	1	1	1	1	1	1	1	1	1	1	1
An11g06090	1	1	1	1	1	1	1	1	1	1	1
An05g02470	1	1	1	1	1	1	1	1	1	1	1
An16g01420	1	1	1	1	1	1	1	1	1	1	1
An12g04190	1	1	1	1	1	1	1	1	1	1	1
An14g03290	1	1	1	1	1	1	1	1	1	1	1
An05g02380	1	0	0	1	1	1	1	0	1	1	0.7
An18g01120	1	0	0	1	1	1	1	0	1	1	0.7
An15g03100	1	0	0	1	1	1	1	0	1	1	0.7
An02g11560	1	0	0	1	1	1	1	0	1	1	0.7
An11g05970	1	1	1	1	1	0	1	1	1	1	0.9
An11g04180	1	1	1	1	1	1	1	1	1	1	1
An04g06920	1	1	1	1	1	1	1	1	1	1	1
An01g10930	1	1	1	1	1	1	1	1	1	1	1
An15g05130	1	1	1	1	1	1	1	1	1	1	1
An15g07570	1	1	1	1	1	1	1	1	1	1	1
An03g06540	1	1	1	1	1	1	1	1	1	1	1
An08g09550	1	1	1	1	1	1	1	1	1	1	1
An12g01320	1	1	1	1	1	1	1	1	1	1	1
An13g01260	1	1	1	1	1	1	1	1	1	1	1
An08g08370	1	1	1	1	1	1	1	1	1	1	1
An08g03060	1	1	1	1	1	1	1	1	1	1	1
An03g03750	0	0	1	1	1	1	1	1	1	1	0.8
An01g13660	0	0	1	1	1	1	1	1	1	1	0.8
An01g14010	0	0	1	1	1	1	1	1	1	1	0.8
An05g02540	0	0	1	1	1	1	1	1	1	1	0.8
An04g10400	0	0	1	1	1	1	1	1	1	1	0.8
An09g00670	1	1	1	1	1	1	1	1	1	1	1
An16g06120	1	1	1	1	1	1	1	1	1	1	1
An02g03070	1	1	1	1	1	1	1	1	1	1	1
An12g06930	1	1	1	1	1	1	1	1	1	1	1
An04g06930	1	1	1	1	1	1	1	1	1	1	1
An11g03340	1	1	1	1	1	1	1	1	1	1	1
An05g02100	1	1	1	1	1	1	1	1	1	1	1
An15g01940	1	1	1	1	1	1	1	1	1	1	1
An11g03740	1	1	1	1	1	1	1	1	1	1	1
An03g06270	1	1	1	1	1	1	1	1	1	1	1
An19g00270	0	0	1	1	1	1	0	0	1	1	0.6
An03g00190	0	0	1	1	1	1	0	0	1	1	0.6
An14g04370	0	0	1	1	1	1	0	0	1	1	0.6
An06g00720	1	1	1	1	1	1	1	1	1	1	1
An05g02450	0	0	1	0	1	1	1	1	1	1	0.7
An02g10940	1	0	0	0	1	1	0	1	1	1	0.6
An11g03580	1	1	0	1	1	0	1	0	1	1	0.7
An08g08450	1	1	0	1	1	0	1	0	1	1	0.7
An05g02340	1	1	0	1	1	0	1	0	1	1	0.7
An01g12450	1	1	1	1	1	1	1	1	1	1	1
An09g03100	1	1	1	1	1	1	1	0	1	1	0.9
An12g02460	1	1	1	1	1	1	1	0	1	1	0.9
An15g03990	0	0	0	1	1	1	1	1	1	1	0.7
An11g03430	0	0	0	1	1	1	1	1	1	1	0.7
An01g11880	0	0	0	1	1	1	1	1	1	1	0.7
An14g05820	1	1	1	1	1	1	1	1	1	1	1
An06g00290	1	1	1	1	1	1	1	1	1	1	1
An07g04420	1	1	1	1	1	1	1	1	1	1	1
An01g10350	1	1	1	1	1	1	1	1	1	1	1
An01g12150	1	1	1	1	1	1	1	1	1	1	1
An01g09960	1	1	1	1	1	1	1	1	1	1	1
An04g03590	1	1	1	1	1	1	1	1	1	1	1
An09g01240	1	1	1	1	1	1	1	1	1	1	1
An05g01010	1	1	1	1	1	1	1	1	1	1	1
An02g13220	1	1	1	1	1	1	1	1	1	1	1
An07g08640	0	1	1	1	1	1	1	1	1	1	0.9
An08g07120	1	1	1	1	1	1	0	1	1	1	0.9
An14g01550	1	1	1	1	1	1	1	1	1	1	1
An18g04140	1	1	1	1	1	1	1	1	1	1	1
An11g02230	1	1	1	1	1	1	1	1	1	1	1
An07g00440	0	0	0	1	1	1	1	1	1	1	0.7
An09g03070	1	1	1	1	1	1	1	0	1	1	0.9
An12g02450	1	1	1	1	1	1	1	0	1	1	0.9
An04g09890	1	1	1	1	1	1	1	0	1	1	0.9
An15g07810	1	1	1	1	1	1	1	0	1	1	0.9
An02g03260	1	1	1	1	1	1	1	0	1	1	0.9
An02g11260	0	0	0	1	1	0	1	0	1	1	0.5
An02g02660	0	0	0	0	1	0	0	0	1	1	0.3
An18g01780	1	1	1	1	1	1	1	1	1	1	1
An18g03800	1	1	1	1	1	1	1	1	1	1	1
An14g04240	0	0	0	0	1	1	1	1	1	1	0.6
An16g02910	0	0	0	0	1	1	1	1	1	1	0.6
An04g07200	1	1	1	1	1	1	1	1	1	1	1
An03g06550	1	1	1	1	1	1	1	1	1	1	1
An16g08370	1	1	1	1	1	1	1	1	1	1	1
An14g02470	1	1	1	1	1	1	1	1	1	1	1
An16g02250	1	1	1	1	1	1	1	1	1	1	1
An15g00330	1	1	1	1	1	1	1	1	1	1	1
An01g06310	1	1	1	1	1	1	1	1	1	1	1
An07g09330	1	1	1	1	1	1	1	1	1	1	1
An01g11660	1	1	1	1	1	1	1	1	1	1	1
An03g06740	0	1	1	1	1	1	1	1	1	1	0.9
An11g08440	1	1	0	1	1	1	1	1	1	1	0.9
An08g07840	1	1	1	1	1	1	1	1	1	1	1
An14g06730	1	1	1	1	1	1	1	1	1	1	1
An03g02490	1	1	1	1	1	1	1	1	1	1	1
An02g13250	0	0	0	1	1	1	1	1	1	1	0.7
An04g05530	1	1	1	1	1	1	1	1	1	1	1
An16g00540	0	0	1	1	1	1	1	1	1	1	0.8
An11g05580	1	0	0	1	1	1	0	1	1	1	0.7
An07g00450	1	0	0	1	1	1	0	1	1	1	0.7
An03g01660	1	1	1	1	1	1	0	1	1	1	0.9
An12g06860	1	0	1	1	1	1	1	0	1	1	0.8
An03g02250	0	1	0	0	1	0	1	0	1	1	0.5
An15g00840	1	0	0	0	1	0	1	0	1	1	0.5
An01g09220	1	1	1	1	1	1	1	0	1	1	0.9
An03g00280	1	1	1	1	1	1	1	0	1	1	0.9
An12g05100	0	1	0	1	1	1	1	0	1	1	0.7
An02g00460	0	0	0	1	1	0	1	0	1	1	0.5
An09g01320	0	0	1	0	1	0	1	0	1	1	0.5
An13g01350	1	0	0	0	1	0	1	0	1	1	0.5
An01g14800	1	0	0	1	1	1	0	0	1	1	0.6
An13g03810	1	0	0	1	1	1	0	0	1	1	0.6
An10g00950	1	0	0	1	1	1	0	0	1	1	0.6
An01g02740	1	0	0	1	1	1	0	0	1	1	0.6
An02g00350	1	0	0	1	1	1	0	0	1	1	0.6
An09g00890	1	0	0	1	1	1	0	0	1	1	0.6
An08g09800	1	0	0	1	1	1	0	0	1	1	0.6
An03g05300	1	0	0	1	1	1	0	0	1	1	0.6
An04g04430	1	0	0	1	1	1	0	0	1	1	0.6
An17g00830	1	0	0	1	1	1	0	0	1	1	0.6
An11g03590	1	0	0	1	1	1	0	0	1	1	0.6
An10g00870	1	1	1	1	1	1	0	0	1	1	0.8
An04g06990	1	1	1	1	1	1	1	1	1	1	1
An08g09030	1	1	1	1	1	1	1	1	1	1	1
An02g07020	1	1	1	1	1	1	1	1	1	1	1
An01g00780	1	1	1	1	1	1	1	1	1	1	1
An05g02320	0	0	0	0	1	1	1	1	1	1	0.6
An03g01090	0	0	0	0	1	1	1	1	1	1	0.6
An02g13580	1	1	1	1	1	1	1	1	1	1	1
An02g10680	0	0	0	1	1	1	1	1	1	1	0.7
An02g13740	1	1	1	1	1	1	1	1	1	1	1
An05g01620	1	0	0	0	1	1	0	1	1	1	0.6
An03g00960	1	0	1	1	1	1	1	1	1	1	0.9
An11g01660	1	1	1	1	1	1	1	1	1	1	1
An05g01320	1	0	1	1	1	1	1	1	1	1	0.9
An16g07410	1	1	1	1	1	1	1	1	1	1	1
An12g05150	1	1	1	1	1	1	1	1	1	1	1
An12g07430	1	1	1	1	1	1	1	1	1	1	1
An12g02220	1	1	1	1	1	1	1	1	1	1	1
An08g01760	1	1	1	1	1	1	1	1	1	1	1
An12g10780	1	1	1	1	1	1	1	1	1	1	1
An14g05490	1	1	1	1	1	1	1	1	1	1	1
An11g03290	1	1	1	1	1	1	1	1	1	1	1
An02g00120	1	0	1	1	1	1	1	1	1	1	0.9
An05g02280	1	1	0	1	1	0	1	1	1	1	0.8
An03g02090	0	0	0	1	1	0	1	1	1	1	0.6
An07g08950	1	1	1	1	1	1	0	1	1	1	0.9
An01g11670	1	1	1	1	1	1	0	1	1	1	0.9
An12g04610	1	1	1	1	1	1	0	1	1	1	0.9
An03g05260	0	0	0	1	1	1	0	1	1	1	0.6
An16g05710	0	0	1	1	1	0	0	1	1	1	0.6
An09g00260	0	0	0	1	1	0	0	1	1	1	0.5
An02g00230	1	0	0	0	1	1	1	0	1	1	0.6
An01g14940	0	0	0	1	1	1	1	0	1	1	0.6
An13g02060	0	0	0	0	1	0	1	0	1	1	0.4
An14g02100	0	0	0	0	1	0	1	0	1	1	0.4
An12g04480	1	1	1	1	1	1	0	0	1	1	0.8
An04g07110	1	1	1	1	1	1	0	0	1	1	0.8
An03g05620	0	1	0	1	1	1	0	0	1	1	0.6
An15g07760	1	0	1	1	1	1	0	0	1	1	0.7
An12g09180	0	0	1	1	1	1	0	0	1	1	0.6
An11g00390	0	0	0	1	1	1	0	0	1	1	0.5
An08g10800	1	1	0	1	1	0	0	0	1	1	0.6
An18g01570	0	1	0	1	1	0	0	0	1	1	0.5
An15g04750	0	0	0	1	1	0	0	0	1	1	0.4
An15g00800	0	0	0	1	1	0	0	0	1	1	0.4
An15g07670	1	0	1	0	1	0	0	0	1	1	0.5
An01g05900	1	0	0	0	1	0	0	0	1	1	0.4
An11g01550	1	1	1	1	1	1	1	1	0	1	0.9
An03g01170	1	0	1	1	1	0	1	1	0	1	0.7
An09g01920	1	1	0	1	1	1	1	1	0	1	0.8
An09g01830	1	1	0	1	1	1	1	1	0	1	0.8
An11g06290	0	0	0	0	1	1	0	1	0	1	0.4
An19g00100	0	1	0	0	1	1	1	0	0	1	0.5
An10g00110	1	0	0	1	1	0	1	0	0	1	0.5
An07g02360	1	0	0	1	1	0	0	0	0	1	0.4
An11g07120	0	0	0	1	1	0	0	0	0	1	0.3
An03g01760	0	0	0	0	1	0	0	0	0	1	0.2
An16g08090	0	0	0	1	1	1	1	0	1	1	0.6
An01g06500	0	0	0	1	1	1	1	0	1	1	0.6
An14g03520	0	0	0	1	1	1	1	0	1	1	0.6
An12g10390	1	1	1	1	1	1	1	0	1	1	0.9
An04g02780	1	1	1	1	1	1	1	0	1	1	0.9
An14g01350	0	0	0	1	1	1	1	0	1	1	0.6
An18g00040	0	0	0	1	1	1	1	0	1	1	0.6
An12g00950	0	0	0	0	1	1	1	0	1	1	0.5
An14g04200	0	0	0	0	1	1	1	0	1	1	0.5
An01g09050	1	1	1	1	1	1	1	1	1	1	1
An01g06610	1	1	1	1	1	1	1	1	1	1	1
An11g07010	1	1	0	1	1	1	1	1	1	1	0.9
An02g10700	1	1	0	1	1	1	1	1	1	1	0.9
An13g01300	1	1	1	1	1	1	1	1	1	1	1
An03g01570	1	1	1	1	1	0	1	1	1	1	0.9
An17g00760	1	1	1	1	1	1	1	1	1	1	1
An06g00310	1	1	1	1	1	1	1	1	1	1	1
An05g01860	1	1	0	1	1	0	1	1	1	1	0.8
An11g06350	1	1	0	1	1	0	1	1	1	1	0.8
An05g01870	1	1	0	1	1	0	1	1	1	1	0.8
An01g00490	1	1	1	1	1	1	1	0	1	1	0.9
An05g02390	1	1	1	1	1	1	1	0	1	1	0.9
An02g06090	1	1	1	1	1	1	1	0	1	1	0.9
An08g12250	0	0	0	1	1	0	1	0	1	1	0.5
An18g00440	0	0	0	1	1	0	1	0	1	1	0.5
An11g03070	1	0	1	1	1	0	1	0	1	1	0.7
An02g09270	1	1	1	1	1	1	0	0	1	1	0.8
An10g00390	1	1	1	1	1	1	0	0	1	1	0.8
An12g01910	0	0	0	1	1	1	0	0	1	1	0.5
An03g00460	1	1	0	1	1	0	0	0	1	1	0.6
An02g13180	1	1	1	1	1	1	1	1	1	1	1
An01g01750	1	0	1	1	1	1	1	1	1	1	0.9
An03g01010	1	0	1	1	1	1	1	1	1	1	0.9
An11g01110	1	0	1	1	1	1	1	1	1	1	0.9
An11g01180	0	0	0	1	1	1	1	1	1	1	0.7
An01g12400	1	1	1	1	1	1	1	1	1	1	1
An07g08720	1	1	1	1	1	1	1	1	1	1	1
An07g08100	1	1	1	1	1	1	1	1	1	1	1
An16g01730	1	1	1	1	1	1	1	1	1	1	1
An14g03990	1	1	1	1	1	1	1	1	1	1	1
An14g02740	1	1	1	1	1	1	1	1	1	1	1
An15g02070	0	0	1	1	1	1	1	1	1	1	0.8
An03g01390	0	0	1	1	1	1	1	1	1	1	0.8
An08g05010	1	1	1	1	1	1	1	1	1	1	1
An02g07430	1	1	1	1	1	1	1	1	1	1	1
An09g05920	1	1	0	0	1	1	1	1	1	1	0.8
An16g04170	1	1	1	1	1	1	1	1	1	1	1
An01g02430	1	1	1	1	1	1	1	1	1	1	1
An02g00730	0	0	0	1	1	1	1	1	1	1	0.7
An09g05120	1	0	1	1	1	1	1	1	1	1	0.9
An02g09690	1	0	1	1	1	1	1	1	1	1	0.9
An12g06560	1	0	1	1	1	1	1	1	1	1	0.9
An01g14520	1	1	1	1	1	1	1	1	1	1	1
An07g03730	1	1	1	1	1	1	1	1	1	1	1
An16g01880	1	1	1	1	1	1	1	1	1	1	1
An09g02180	1	1	1	1	1	1	1	1	1	1	1
An01g13590	1	1	1	1	1	1	1	1	1	1	1
An03g00940	1	1	1	1	1	1	1	1	1	1	1
An15g00410	1	1	1	1	1	1	1	1	1	1	1
An01g11740	1	1	1	1	1	1	1	1	1	1	1
An09g05970	1	1	1	1	1	1	1	1	1	1	1
An08g01800	1	1	0	1	1	1	1	1	1	1	0.9
An08g02590	1	0	0	1	1	1	1	1	1	1	0.8
An04g03830	0	0	0	1	1	1	1	1	1	1	0.7
An07g04470	1	1	1	1	1	0	1	1	1	1	0.9
An16g08070	1	1	1	1	1	0	1	1	1	1	0.9
An16g06420	1	0	1	1	1	0	1	1	1	1	0.8
An13g03000	1	0	1	1	1	0	1	1	1	1	0.8
An01g01920	0	0	0	1	1	0	0	1	1	1	0.5
An01g01560	0	0	0	1	1	0	0	1	1	1	0.5
An01g09510	0	1	1	0	1	0	0	1	1	1	0.6
An02g04900	0	1	0	1	1	1	1	0	1	1	0.7
An01g11520	0	1	0	1	1	1	1	0	1	1	0.7
An16g06990	0	1	0	1	1	1	1	0	1	1	0.7
An13g02480	0	0	0	1	1	1	1	0	1	1	0.6
An09g02560	0	0	0	1	1	1	1	0	1	1	0.6
An11g03800	0	0	0	1	1	1	1	0	1	1	0.6
An16g05660	1	1	1	1	1	1	1	0	1	1	0.9
An12g10770	1	1	1	1	1	1	1	0	1	1	0.9
An01g00330	1	1	1	1	1	1	1	0	1	1	0.9
An07g08030	0	0	0	1	1	1	1	0	1	1	0.6
An05g02170	0	0	0	1	1	1	1	0	1	1	0.6
An12g02550	1	1	1	1	1	1	1	0	1	1	0.9
An09g02160	1	1	1	1	1	1	1	0	1	1	0.9
An02g12350	1	0	0	1	1	1	1	0	1	1	0.7
An14g01120	0	0	0	1	1	1	1	0	1	1	0.6
An06g02160	0	0	0	1	1	0	1	0	1	1	0.5
An02g13630	0	0	0	1	1	0	1	0	1	1	0.5
An05g01210	0	0	0	0	1	0	1	0	1	1	0.4
An13g00460	0	0	0	1	1	1	0	0	1	1	0.5
An02g13770	0	0	0	1	1	1	0	0	1	1	0.5
An04g06730	0	1	1	1	1	1	0	0	1	1	0.7
An15g00920	0	1	1	1	1	1	0	0	1	1	0.7
An16g00500	0	0	0	1	1	1	0	0	1	1	0.5
An11g00110	0	0	0	1	1	1	0	0	1	1	0.5
An04g09360	0	0	1	1	1	1	0	0	1	1	0.6
An08g01720	0	0	1	1	1	1	0	0	1	1	0.6
An06g00160	0	0	0	1	1	1	0	0	1	1	0.5
An16g09010	0	0	0	1	1	1	0	0	1	1	0.5
An15g06560	0	0	0	1	1	1	0	0	1	1	0.5
An08g09610	1	1	1	1	1	0	0	0	1	1	0.7
An15g04760	1	1	1	1	1	0	0	0	1	1	0.7
An08g08560	0	0	0	0	1	0	0	0	1	1	0.3
An07g00230	1	1	1	1	1	0	0	0	1	1	0.7
An12g01000	0	0	0	1	1	0	0	0	1	1	0.4
An11g04030	0	0	0	1	1	0	0	0	1	1	0.4
An15g07160	0	0	0	0	1	0	0	0	1	1	0.3
An01g00600	0	0	0	0	1	0	0	0	1	1	0.3
An15g07700	1	0	1	1	1	1	1	1	1	1	0.9
An11g06540	0	0	0	0	1	1	1	1	1	1	0.6
An01g01170	1	1	0	1	1	0	1	1	1	1	0.8
An09g06400	0	0	0	1	1	1	1	1	1	1	0.7
An15g00630	1	1	1	1	1	1	1	1	1	1	1
An15g02300	0	1	0	1	1	1	1	1	1	1	0.8
An02g08330	1	1	1	1	1	0	1	1	1	1	0.9
An15g05230	1	1	1	1	1	1	1	1	1	1	1
An09g05690	1	1	1	1	1	1	1	1	1	1	1
An16g02000	0	0	0	1	1	1	1	1	1	1	0.7
An18g01410	1	1	1	1	1	1	1	1	1	1	1
An03g00740	1	1	1	1	1	1	1	1	1	1	1
An14g04710	1	1	1	1	1	1	1	1	1	1	1
An01g04110	1	1	1	1	1	1	1	1	1	1	1
An03g02960	1	1	1	1	1	1	1	1	1	1	1
An09g02240	1	1	1	1	1	1	1	1	1	1	1
An01g04560	1	1	1	1	1	1	1	1	1	1	1
An18g05500	1	1	1	1	1	1	1	1	1	1	1
An03g05290	1	1	1	1	1	1	1	1	1	1	1
An11g00920	1	1	1	1	1	1	1	1	1	1	1
An16g02760	0	0	0	0	1	0	0	1	1	1	0.4
An02g08910	1	1	1	1	1	1	1	1	1	1	1
An04g00430	1	1	1	1	1	1	1	1	1	1	1
An04g08680	1	1	1	1	1	1	1	1	1	1	1
An16g01850	1	1	1	1	1	1	1	1	1	1	1
An01g01430	0	1	0	1	1	1	1	1	1	1	0.8
An12g01340	1	1	1	1	1	1	1	1	1	1	1
An08g10750	1	1	1	1	1	1	1	1	1	1	1
An06g01950	1	1	1	1	1	1	1	1	1	1	1
An16g04710	1	1	1	1	1	1	1	1	1	1	1
An07g09160	1	1	1	1	1	1	1	1	1	1	1
An04g02020	1	1	1	1	1	1	1	1	1	1	1
An07g04070	1	1	1	1	1	1	1	1	1	1	1
An16g04420	1	1	1	1	1	1	1	1	1	1	1
An16g07920	1	1	1	1	1	1	1	1	1	1	1
An08g00470	1	1	1	1	1	1	1	1	1	1	0.833333333
An16g06810	1	1	1	1	1	1	1	1	1	1	1
An12g08380	1	1	1	1	1	1	1	1	1	1	0.833333333
An11g06160	1	1	1	1	1	1	1	1	1	1	1
An09g04580	1	1	1	1	1	1	1	1	1	1	0.833333333
An04g03460	1	1	1	1	1	1	1	1	1	1	1
An01g05230	1	1	1	1	1	1	1	1	1	1	0.833333333
An02g01550	1	1	1	1	1	1	1	1	1	1	1
An06g01920	1	1	1	1	1	1	1	1	1	1	0.833333333
An02g13750	1	1	1	1	1	1	1	1	1	1	1
An09g01580	1	1	1	1	1	1	1	1	1	1	0.833333333
An16g02850	1	1	1	1	1	1	1	1	1	1	1
An12g08630	1	1	1	1	1	1	1	1	1	1	0.833333333
An08g00430	1	1	1	1	1	1	1	1	1	1	1
An11g04760	1	1	1	1	1	1	1	1	1	1	0.833333333
An08g03590	1	1	1	1	1	1	1	1	1	1	1
An04g07160	1	1	0	1	1	1	1	1	1	1	0.75
An07g07560	1	1	0	1	1	1	1	1	1	1	0.9
An02g03310	1	1	0	1	1	1	1	1	1	1	0.75
An01g12350	1	1	1	1	1	0	1	1	1	1	0.9
An12g05960	1	1	1	0	1	0	1	1	1	1	0.666666667
An02g00530	0	0	1	1	1	1	1	1	1	1	0.8
An17g00230	1	1	1	1	1	1	1	1	1	1	0.833333333
An18g00410	1	1	0	1	1	1	1	1	1	1	0.9
An15g07520	0	0	0	1	1	1	1	1	1	1	0.583333333
An06g01960	1	1	1	1	1	1	1	1	1	1	1
An07g07600	1	1	1	1	1	1	1	1	1	1	0.833333333
An15g05510	1	1	1	1	1	1	1	1	1	1	1
An11g00690	1	1	1	1	1	1	1	1	1	1	0.833333333
An01g06280	1	1	1	1	1	1	1	1	1	1	1
An15g01880	1	1	1	1	1	1	1	1	1	1	0.833333333
An08g01180	1	1	1	1	1	1	1	1	1	1	1
An03g06650	1	1	1	1	1	1	1	1	1	1	0.833333333
An15g05120	1	0	1	1	1	1	1	1	1	1	0.9
An01g06910	1	0	1	1	1	1	1	1	1	1	0.75
An07g06010	1	1	1	1	1	1	1	1	1	1	1
An11g06930	1	1	1	1	1	1	1	1	1	1	0.833333333
An10g00400	1	1	1	1	1	1	1	1	1	1	1
An04g02880	1	1	1	1	1	1	1	1	1	1	0.833333333
An04g00250	1	1	1	1	1	1	1	1	1	1	1
An01g08530	1	1	1	1	1	1	1	1	1	1	0.833333333
An07g06530	1	1	1	1	1	1	1	1	1	1	1
An01g07790	1	1	1	1	1	1	1	1	1	1	0.833333333
An06g01510	1	1	1	1	1	1	1	1	1	1	1
An15g06820	1	1	1	1	1	1	1	1	1	1	0.833333333
An16g03950	1	1	1	1	1	1	1	1	1	1	1
An15g01420	1	1	1	1	1	1	1	1	1	1	0.833333333
An07g04620	1	1	1	1	1	1	1	1	1	1	1
An09g05170	1	1	1	1	1	1	1	1	1	1	0.833333333
An16g03340	1	1	1	1	1	1	1	1	1	1	1
An09g05660	1	1	1	1	1	1	1	1	1	1	0.833333333
An15g01200	1	1	1	1	1	1	1	1	1	1	1
An15g03080	1	1	1	1	1	1	1	1	1	1	0.833333333
An07g07270	1	1	1	1	1	1	1	1	1	1	1
An04g01230	1	1	1	1	1	1	1	1	1	1	0.833333333
An14g03220	1	1	1	1	1	1	1	1	1	1	1
An01g06630	1	1	1	1	1	1	1	1	1	1	0.833333333
An09g06450	1	1	1	1	1	1	1	1	1	1	1
An15g02810	1	1	1	1	1	1	1	1	1	1	0.833333333
An01g09110	1	1	1	1	1	1	1	1	1	1	1
An01g13630	1	1	1	1	1	1	1	1	1	1	0.833333333
An02g04640	1	1	1	1	1	1	1	1	1	1	1
An04g01610	1	1	1	1	1	1	1	1	1	1	0.833333333
An15g01760	1	1	1	1	1	1	1	1	1	1	1
An11g10370	1	1	1	1	1	1	1	1	1	1	0.833333333
An18g06470	1	1	1	1	1	1	1	1	1	1	1
An02g11910	1	1	1	1	1	1	1	1	1	1	0.833333333
An11g05000	1	1	1	1	1	1	1	1	1	1	1
An03g02660	1	1	1	1	1	1	1	1	1	1	0.833333333
An04g05640	1	1	1	1	1	1	1	1	1	1	1
An01g08280	1	1	1	1	1	1	1	1	1	1	0.833333333
An01g13390	1	1	1	1	1	1	1	1	1	1	1
An01g08590	1	1	1	1	1	1	1	1	1	1	0.833333333
An01g13530	1	1	1	1	1	1	1	1	1	1	1
An01g04600	1	1	1	1	1	1	1	1	1	1	0.833333333
An01g08420	1	1	1	1	1	1	1	1	1	1	1
An04g05430	1	1	1	1	1	1	1	1	1	1	0.833333333
An02g07360	1	1	1	1	1	1	1	1	1	1	1
An01g03350	1	1	1	1	1	1	1	1	1	1	0.833333333
An07g02180	1	1	1	1	1	1	1	1	1	1	1
An16g08470	1	1	1	1	1	1	1	1	1	1	0.833333333
An04g06020	1	1	1	1	1	1	1	1	1	1	1
An08g08750	1	1	1	1	1	1	1	1	1	1	0.833333333
An06g01830	1	1	1	1	1	1	1	1	1	1	1
An07g09170	1	1	1	1	1	1	1	1	1	1	0.833333333
An04g08730	1	1	1	1	1	1	1	1	1	1	1
An02g13150	1	1	1	1	1	1	1	1	1	1	0.833333333
An04g03270	1	1	1	1	1	1	1	1	1	1	1
An02g05890	1	1	1	1	1	1	1	1	1	1	0.833333333
An02g04300	1	1	1	1	1	1	1	1	1	1	1
An02g04070	1	1	1	1	1	1	1	1	1	1	0.833333333
An05g00880	1	1	1	1	1	1	1	1	1	1	1
An18g02020	1	1	1	1	1	1	1	1	1	1	0.833333333
An02g14880	1	1	1	1	1	1	1	1	1	1	1
An04g02650	1	1	1	1	1	1	1	1	1	1	0.833333333
An07g03740	1	1	1	1	1	1	1	1	1	1	1
An02g06610	1	1	1	1	1	1	1	1	1	1	0.833333333
An16g07040	1	1	1	1	1	1	1	1	1	1	1
An02g09940	1	1	1	1	1	1	1	1	1	1	0.833333333
An18g05910	1	1	1	1	1	1	1	1	1	1	1
An18g06580	1	1	1	1	1	1	1	1	1	1	0.833333333
An08g08040	1	1	1	1	1	1	1	1	1	1	1
An04g06310	1	1	1	1	1	1	1	1	1	1	0.833333333
An08g01090	1	1	1	1	1	1	1	1	1	1	1
An07g06430	1	1	1	1	1	1	1	1	1	1	0.833333333
An05g00570	1	1	1	1	1	1	1	1	1	1	1
An07g02870	1	1	1	1	1	1	1	1	1	1	0.833333333
An09g06130	1	1	1	1	1	1	1	1	1	1	1
An08g07070	1	1	1	1	1	1	1	1	1	1	0.833333333
An15g06470	1	1	1	1	1	1	1	1	1	1	1
An01g04330	1	1	1	1	1	1	1	1	1	1	0.833333333
An06g01200	1	1	1	1	1	1	1	1	1	1	1
An03g02770	1	1	1	1	1	1	1	1	1	1	0.833333333
An02g14280	1	1	1	1	1	1	1	1	1	1	1
An09g03940	1	1	1	1	1	1	1	1	1	1	0.833333333
An07g09720	1	1	1	1	1	1	1	1	1	1	1
An14g00150	1	1	1	1	1	1	1	1	1	1	0.833333333
An03g06880	1	1	1	1	1	1	1	1	1	1	1
An01g12550	1	1	1	1	1	1	1	1	1	1	0.833333333
An14g00900	1	1	1	1	1	1	1	1	1	1	1
An08g00560	1	1	1	1	1	1	1	1	1	1	0.833333333
An07g07390	1	1	1	1	1	1	1	1	1	1	1
An01g06670	1	1	1	1	1	1	1	1	1	1	0.833333333
An07g04940	1	1	1	1	1	1	1	1	1	1	1
An03g04500	1	1	1	1	1	1	1	1	1	1	0.833333333
An14g06190	1	1	1	1	1	1	1	1	1	1	1
An07g08400	1	1	1	1	1	1	1	1	1	1	0.833333333
An11g06770	1	1	1	1	1	1	1	1	1	1	1
An12g00580	1	1	1	1	1	1	1	1	1	1	0.833333333
An02g05010	1	1	1	1	1	1	1	1	1	1	1
An16g05580	1	1	1	1	1	1	1	1	1	1	0.833333333
An02g02720	1	1	1	1	1	1	1	1	1	1	1
An07g07830	1	1	1	1	1	1	1	1	1	1	0.833333333
An11g10210	1	1	1	1	1	1	1	1	1	1	1
An11g06900	1	1	1	1	1	1	1	1	1	1	0.833333333
An03g03770	1	1	1	1	1	1	1	1	1	1	1
An13g00300	1	1	1	1	1	1	1	1	1	1	0.833333333
An14g00620	1	1	1	1	1	1	1	1	1	1	1
An18g04210	1	1	1	1	1	1	1	1	1	1	0.833333333
An07g08250	1	1	1	1	1	1	1	1	1	1	1
An18g02210	1	1	1	1	1	1	1	1	1	1	0.833333333
An04g04990	1	1	1	1	1	1	1	1	1	1	1
An13g00620	1	1	1	1	1	1	1	1	1	1	0.833333333
An18g03490	1	1	1	1	1	1	1	1	1	1	1
An02g12160	1	1	1	1	1	1	1	1	1	1	0.833333333
An07g05110	1	1	1	1	1	1	1	1	1	1	1
An14g05800	1	1	1	1	1	1	1	1	1	1	0.833333333
An16g07620	1	1	1	1	1	1	1	1	1	1	1
An07g04190	1	1	1	1	1	1	1	1	1	1	0.833333333
An07g06190	1	1	1	1	1	1	1	1	1	1	1
An16g08830	1	1	1	1	1	1	1	1	1	1	0.833333333
An09g02270	1	1	1	1	1	1	1	1	1	1	1
An11g11250	1	1	1	1	1	1	1	1	1	1	0.833333333
An04g00210	1	1	1	1	1	1	1	1	1	1	1
An08g07360	1	1	1	1	1	1	1	1	1	1	0.833333333
An01g14250	1	1	1	1	1	1	1	1	1	1	1
An07g09260	1	1	1	1	1	1	1	1	1	1	0.833333333
An02g14800	1	1	1	1	1	1	1	1	1	1	1
An11g09740	1	1	1	1	1	1	1	1	1	1	0.833333333
An02g03240	1	1	1	1	1	1	1	1	1	1	1
An16g07370	1	1	1	1	1	1	1	1	1	1	0.833333333
An17g01170	1	1	1	1	1	1	1	1	1	1	1
An15g00230	1	1	1	1	1	1	1	1	1	1	0.833333333
An07g02730	1	1	1	1	1	1	1	1	1	1	1
An03g05010	1	1	1	1	1	1	1	1	1	1	0.833333333
An08g03970	1	1	1	1	1	1	1	1	1	1	1
An09g06750	1	1	1	1	1	1	1	1	1	1	0.833333333
An12g04830	1	1	1	1	1	1	1	1	1	1	1
An07g10410	1	1	1	1	1	1	1	1	1	1	0.833333333
An02g14560	1	1	1	1	1	1	1	1	1	1	1
An08g04360	1	1	1	1	1	1	1	1	1	1	0.833333333
An11g00790	1	1	1	1	1	1	1	1	1	1	1
An16g04930	1	1	1	1	1	1	1	1	1	1	0.833333333
An15g04680	1	1	1	1	1	1	1	1	1	1	1
An08g03610	1	1	1	1	1	1	1	1	1	1	0.833333333
An07g03880	1	1	1	1	1	1	1	1	1	1	1
An12g04110	1	1	1	1	1	1	1	1	1	1	0.833333333
An08g03250	1	1	1	1	1	1	1	1	1	1	1
An12g00450	1	1	1	1	1	1	1	1	1	1	0.833333333
An17g00290	1	1	1	1	1	1	1	1	1	1	1
An02g02270	1	1	1	1	1	1	1	1	1	1	0.833333333
An04g00670	1	1	1	1	1	1	1	1	1	1	1
An16g08480	1	1	1	1	1	1	1	1	1	1	0.833333333
An17g02250	1	1	1	1	1	1	1	1	1	1	1
An18g03430	1	1	1	1	1	1	1	1	1	1	0.833333333
An18g06360	1	1	1	1	1	1	1	1	1	1	1
An04g01880	1	1	1	1	1	1	1	1	1	1	0.833333333
An01g08870	1	1	1	1	1	1	1	1	1	1	1
An01g00110	1	1	1	1	1	1	1	1	1	1	0.833333333
An03g05000	1	1	1	1	1	1	1	1	1	1	1
An15g06140	1	1	1	1	1	1	1	1	1	1	0.833333333
An04g01440	1	1	1	1	1	1	1	1	1	1	1
An02g14930	1	1	1	1	1	1	1	1	1	1	0.833333333
An01g03090	1	1	1	1	1	1	1	1	1	1	1
An08g09160	1	1	1	1	1	1	1	1	1	1	0.833333333
An12g08890	1	1	1	1	1	1	1	1	1	1	1
An12g03960	1	1	1	1	1	1	1	1	1	1	0.833333333
An18g03230	1	1	1	1	1	1	1	1	1	1	1
An16g07150	1	1	1	1	1	1	1	1	1	1	0.833333333
An08g02450	1	1	1	1	1	1	1	1	1	1	1
An13g00780	1	1	1	1	1	1	1	1	1	1	0.833333333
An16g04020	1	1	1	1	1	1	1	1	1	1	1
An18g05650	1	1	1	1	1	1	1	1	1	1	0.833333333
An04g02890	1	1	1	1	1	1	1	1	1	1	1
An02g09810	1	1	1	1	1	1	1	1	1	1	0.833333333
An08g03070	1	1	1	1	1	1	1	1	1	1	1
An08g08150	1	1	1	1	1	1	1	1	1	1	0.833333333
An08g07350	1	1	1	1	1	1	1	1	1	1	1
An01g10860	1	1	1	1	1	1	1	1	1	1	0.833333333
An14g00400	1	1	1	1	1	1	1	1	1	1	1
An08g05900	1	1	1	1	1	1	1	1	1	1	0.833333333
An07g09250	1	1	1	1	1	1	1	1	1	1	1
An18g04260	1	1	1	1	1	1	1	1	1	1	0.833333333
An14g06640	1	1	1	1	1	1	1	1	1	1	1
An14g00540	1	1	1	1	1	1	1	1	1	1	0.833333333
An02g11200	1	1	1	1	1	1	1	1	1	1	1
An01g08380	1	1	1	1	1	1	1	1	1	1	0.833333333
An16g03390	1	1	1	1	1	1	1	1	1	1	1
An14g00890	1	1	1	1	1	1	1	1	1	1	0.833333333
An18g06350	1	1	1	1	1	1	1	1	1	1	1
An04g09650	1	1	1	1	1	1	1	1	1	1	0.833333333
An14g03910	1	1	1	1	1	1	1	1	1	1	1
An02g02260	1	1	1	1	1	1	1	1	1	1	0.833333333
An16g07610	1	1	1	1	1	1	1	1	1	1	1
An01g13220	1	1	1	1	1	1	1	1	1	1	0.833333333
An14g04080	1	1	1	1	1	1	1	1	1	1	1
An08g02730	1	1	1	1	1	1	1	1	1	1	0.833333333
An16g07970	1	1	1	1	1	1	1	1	1	1	1
An04g01780	1	1	1	1	1	1	1	1	1	1	0.833333333
An07g07530	1	1	1	1	1	1	1	1	1	1	1
An09g02280	1	1	1	1	1	1	1	1	1	1	0.833333333
An15g00190	1	1	1	1	1	1	1	1	1	1	1
An07g06640	1	1	1	1	1	1	1	1	1	1	0.833333333
An18g04460	1	1	1	1	1	1	1	1	1	1	1
An01g06550	1	1	1	1	1	1	1	1	1	1	0.833333333
An02g09090	1	1	1	1	1	1	1	1	1	1	1
An12g00550	1	1	1	1	1	1	1	1	1	1	0.833333333
An02g04250	1	1	1	1	1	1	1	1	1	1	1
An07g07700	1	1	1	1	1	1	1	1	1	1	0.833333333
An09g05880	1	1	1	1	1	1	1	1	1	1	1
An01g06660	1	1	1	1	1	1	1	1	1	1	0.833333333
An15g06990	1	1	1	1	1	1	1	1	1	1	1
An04g08830	1	1	1	1	1	1	1	1	1	1	0.833333333
An04g02060	1	1	1	1	1	1	1	1	1	1	1
An01g12720	1	1	1	1	1	1	1	1	1	1	0.833333333
An04g06160	1	1	1	1	1	1	1	1	1	1	1
An02g14710	1	1	1	1	1	1	1	1	1	1	0.833333333
An09g05040	1	1	1	1	1	1	1	1	1	1	1
An01g12620	1	1	1	1	1	1	1	1	1	1	0.833333333
An01g07510	1	1	1	1	1	1	1	1	1	1	1
An12g00340	1	1	1	1	1	1	1	1	1	1	0.833333333
An02g02980	1	1	1	1	1	1	1	1	1	1	1
An08g07090	1	1	1	1	1	1	1	1	1	1	0.833333333
An02g04120	1	1	1	1	1	1	1	1	1	1	1
An07g09610	1	1	1	1	1	1	1	1	1	1	0.833333333
An16g05430	1	1	1	1	1	1	1	1	1	1	1
An09g05490	1	1	1	1	1	1	1	1	1	1	0.833333333
An01g07910	1	1	1	1	1	1	1	1	1	1	1
An15g00090	1	1	1	1	1	1	1	1	1	1	0.833333333
An11g07700	1	1	1	1	1	1	1	1	1	1	1
An04g03330	1	1	1	1	1	1	1	1	1	1	0.833333333
An03g04860	1	1	1	1	1	1	1	1	1	1	1
An01g06460	1	1	1	1	1	1	1	1	1	1	0.833333333
An14g06830	1	1	1	1	1	1	1	1	1	1	1
An01g08460	1	1	1	1	1	1	1	1	1	1	0.833333333
An16g08500	1	1	1	1	1	1	1	1	1	1	1
An02g07210	1	1	1	1	1	1	1	1	1	1	0.833333333
An15g00970	1	1	1	1	1	1	1	1	1	1	1
An02g01740	1	1	1	1	1	1	1	1	1	1	0.833333333
An18g04440	1	1	1	1	1	1	1	1	1	1	1
An14g01070	1	1	1	1	1	1	1	1	1	1	0.833333333
An01g07430	1	1	1	1	1	1	1	1	1	1	1
An09g06330	1	1	1	1	1	1	1	1	1	1	0.833333333
An11g01540	1	1	1	1	1	1	1	1	1	1	1
An01g14310	1	1	1	1	1	1	1	1	1	1	0.833333333
An13g00790	1	1	1	1	1	1	1	1	1	1	1
An14g06860	1	1	1	1	1	1	1	1	1	1	0.833333333
An17g01955	1	1	1	1	1	1	1	1	1	1	1
An02g13670	1	1	1	1	1	1	1	1	1	1	0.833333333
An04g00170	1	1	1	1	1	1	1	1	1	1	1
An02g14220	1	1	1	1	1	1	1	1	1	1	0.833333333
An12g04170	1	1	1	1	1	1	1	1	1	1	1
An14g01020	1	1	1	1	1	1	1	1	1	1	0.833333333
An18g03100	1	1	1	1	1	1	1	1	1	1	1
An18g05420	1	1	1	1	1	1	1	1	1	1	0.833333333
An17g01750	1	1	1	1	1	1	1	1	1	1	1
An15g06280	0	1	1	1	1	1	1	1	1	1	0.75
An09g04970	1	0	1	1	1	1	1	1	1	1	0.9
An15g03980	0	0	1	1	1	1	1	1	1	1	0.666666667
An09g05940	0	0	1	1	1	1	1	1	1	1	0.8
An16g08870	1	1	0	1	1	1	1	1	1	1	0.75
An10g00800	1	1	0	1	1	1	1	1	1	1	0.9
An14g03040	1	1	0	1	1	1	1	1	1	1	0.75
An08g00800	1	1	0	1	1	1	1	1	1	1	0.9
An03g03930	1	1	0	1	1	1	1	1	1	1	0.75
An18g06850	1	1	0	1	1	1	1	1	1	1	0.9
An02g14210	0	1	0	1	1	1	1	1	1	1	0.666666667
An12g10630	0	1	0	1	1	1	1	1	1	1	0.8
An08g08980	0	1	0	1	1	1	1	1	1	1	0.666666667
An09g01630	1	0	0	1	1	1	1	1	1	1	0.8
An11g00710	0	0	0	1	1	1	1	1	1	1	0.583333333
An01g01540	0	0	0	1	1	1	1	1	1	1	0.7
An09g00560	0	0	0	1	1	1	1	1	1	1	0.583333333
An02g00850	0	0	0	1	1	1	1	1	1	1	0.7
An02g13800	0	0	0	1	1	1	1	1	1	1	0.583333333
An12g07500	0	0	0	1	1	1	1	1	1	1	0.7
An18g04800	0	0	0	1	1	1	1	1	1	1	0.583333333
An02g01870	1	1	1	0	1	1	1	1	1	1	0.9
An08g05380	1	1	1	0	1	1	1	1	1	1	0.75
An01g11720	1	1	1	0	1	1	1	1	1	1	0.9
An13g01750	0	0	1	0	1	1	1	1	1	1	0.583333333
An01g11550	1	1	0	0	1	1	1	1	1	1	0.8
An18g03940	0	1	0	0	1	1	1	1	1	1	0.583333333
An01g11860	0	0	0	0	1	1	1	1	1	1	0.6
An07g02570	0	0	0	0	1	0	1	1	1	1	0.416666667
An15g02350	1	1	1	1	1	0	1	1	1	1	0.9
An03g06460	1	1	1	1	1	0	1	1	1	1	0.75
An12g03300	1	1	1	1	1	0	1	1	1	1	0.9
An15g00620	0	1	1	1	1	0	1	1	1	1	0.666666667
An03g01270	1	0	1	1	1	0	1	1	1	1	0.8
An02g11150	1	0	1	1	1	0	1	1	1	1	0.666666667
An07g05670	1	0	0	1	1	0	1	1	1	1	0.7
An06g00510	0	0	0	1	1	0	1	1	1	1	0.5
An08g03890	1	1	1	0	1	0	1	1	1	1	0.8
An02g14290	1	1	0	0	1	0	1	1	1	1	0.583333333
An11g04290	0	0	0	0	1	0	1	1	1	1	0.5
An11g03120	0	0	0	0	1	0	1	1	1	1	0.416666667
An03g05310	0	0	0	0	1	0	1	1	1	1	0.5
An18g01700	1	1	1	1	1	1	0	1	1	1	0.75
An18g05470	1	1	1	1	1	1	0	1	1	1	0.9
An11g11170	1	1	1	1	1	1	0	1	1	1	0.75
An04g05120	1	1	1	1	1	1	0	1	1	1	0.9
An06g01860	1	1	1	1	1	1	0	1	1	1	0.75
An18g06210	1	1	1	1	1	1	0	1	1	1	0.9
An04g07380	1	1	1	1	1	1	0	1	1	1	0.75
An08g01360	1	1	1	1	1	1	0	1	1	1	0.9
An01g05060	1	1	1	1	1	1	0	1	1	1	0.75
An04g02800	0	0	0	1	1	1	0	1	1	1	0.6
An02g02870	0	0	0	1	1	1	0	1	1	1	0.5
An02g00610	1	1	1	0	1	1	0	1	1	1	0.8
An11g10790	1	1	1	1	1	0	0	1	1	1	0.666666667
An14g01820	0	1	1	1	1	0	0	1	1	1	0.7
An01g14820	1	0	0	1	1	0	0	1	1	1	0.5
An04g09700	0	0	0	1	1	0	0	1	1	1	0.5
An15g03730	0	0	0	1	1	0	0	1	1	1	0.416666667
An03g02080	0	0	0	1	1	0	0	1	1	1	0.5
An03g05070	1	1	0	0	1	0	0	1	1	1	0.5
An09g03780	1	1	0	0	1	0	0	1	1	1	0.6
An11g03540	0	0	0	0	1	1	1	0	1	1	0.416666667
An14g03640	0	0	0	1	1	1	1	0	1	1	0.6
An08g02920	0	0	0	1	1	1	1	0	1	1	0.5
An07g08940	1	1	1	1	1	1	1	0	1	1	0.9
An18g01480	1	0	1	0	1	1	1	0	1	1	0.583333333
An09g01850	0	0	0	1	1	1	1	0	1	1	0.6
An09g03120	0	0	0	1	1	1	1	0	1	1	0.5
An04g07800	0	0	0	1	1	1	1	0	1	1	0.6
An01g00210	0	0	0	1	1	1	1	0	1	1	0.5
An16g07980	0	0	0	1	1	1	1	0	1	1	0.6
An15g07560	0	0	0	1	1	1	1	0	1	1	0.5
An11g08130	1	1	0	1	1	0	1	0	1	1	0.7
An12g08280	0	1	0	1	1	0	1	0	1	1	0.5
An16g00520	0	0	0	1	1	0	1	0	1	1	0.5
An03g05420	1	0	1	0	1	0	1	0	1	1	0.5
An13g02590	0	0	0	0	1	0	1	0	1	1	0.4
An08g05230	0	0	0	1	1	1	1	0	1	1	0.5
An17g00300	1	0	1	1	1	1	1	0	1	1	0.8
An02g06550	1	1	1	1	1	1	1	0	1	1	0.75
An01g01820	1	1	1	1	1	1	1	0	1	1	0.9
An01g01550	1	1	1	1	1	1	1	0	1	1	0.75
An03g06750	1	0	0	1	1	1	1	0	1	1	0.7
An02g11620	0	0	0	1	1	1	1	0	1	1	0.5
An10g00660	0	0	0	1	1	1	1	0	1	1	0.6
An04g02600	0	0	0	1	1	1	1	0	1	1	0.5
An08g11030	0	0	0	1	1	1	1	0	1	1	0.6
An01g06650	1	1	1	1	1	1	1	0	1	1	0.75
An13g02380	1	1	0	1	1	1	1	0	1	1	0.8
An10g00150	0	0	0	1	1	1	1	0	1	1	0.5
An10g00790	1	1	1	1	1	1	1	0	1	1	0.9
An02g07870	1	1	1	1	1	1	1	0	1	1	0.75
An03g04310	1	1	1	1	1	1	1	0	1	1	0.9
An07g05650	1	1	1	1	1	1	1	0	1	1	0.75
An15g06770	1	1	1	1	1	1	1	0	1	1	0.9
An02g06720	1	1	1	1	1	1	1	0	1	1	0.75
An02g05680	1	1	1	1	1	1	1	0	1	1	0.9
An03g03300	1	1	1	1	1	1	1	0	1	1	0.75
An02g08750	1	1	1	1	1	1	1	0	1	1	0.9
An01g07770	1	1	1	1	1	1	1	0	1	1	0.75
An14g04420	1	1	1	1	1	1	1	0	1	1	0.9
An18g05940	1	1	1	1	1	1	1	0	1	1	0.75
An03g06720	0	1	1	1	1	1	1	0	1	1	0.8
An01g03250	1	0	1	1	1	1	1	0	1	1	0.666666667
An16g08670	1	0	1	1	1	1	1	0	1	1	0.8
An18g03360	0	0	1	1	1	1	1	0	1	1	0.583333333
An09g00310	0	0	1	1	1	1	1	0	1	1	0.7
An07g04040	1	1	0	1	1	1	1	0	1	1	0.666666667
An07g03080	1	1	0	1	1	1	1	0	1	1	0.8
An14g05960	1	1	0	1	1	1	1	0	1	1	0.666666667
An06g01530	0	1	0	1	1	1	1	0	1	1	0.7
An13g02510	0	1	0	1	1	1	1	0	1	1	0.583333333
An15g05990	1	0	0	1	1	1	1	0	1	1	0.7
An01g11010	1	0	0	1	1	1	1	0	1	1	0.583333333
An02g00740	1	0	0	1	1	1	1	0	1	1	0.7
An03g02980	1	0	0	1	1	1	1	0	1	1	0.583333333
An01g10580	0	0	0	1	1	1	1	0	1	1	0.6
An09g03890	0	0	0	1	1	1	1	0	1	1	0.5
An02g03330	0	0	0	1	1	1	1	0	1	1	0.6
An13g02820	0	0	0	1	1	1	1	0	1	1	0.5
An18g04100	0	0	0	1	1	1	1	0	1	1	0.6
An02g09030	0	0	0	1	1	1	1	0	1	1	0.5
An07g01540	0	0	0	1	1	1	1	0	1	1	0.6
An07g08620	0	0	0	1	1	1	1	0	1	1	0.5
An05g00730	0	0	0	1	1	1	1	0	1	1	0.6
An18g04070	0	0	0	1	1	1	1	0	1	1	0.5
An04g03170	0	0	0	1	1	1	1	0	1	1	0.6
An04g00300	0	0	0	1	1	1	1	0	1	1	0.5
An02g04110	0	0	0	1	1	1	1	0	1	1	0.6
An05g00130	0	0	0	1	1	1	1	0	1	1	0.5
An08g00180	0	0	0	1	1	1	1	0	1	1	0.6
An15g01950	0	0	0	1	1	1	1	0	1	1	0.5
An08g06390	0	0	0	1	1	1	1	0	1	1	0.6
An01g03280	0	0	0	1	1	1	1	0	1	1	0.5
An02g04060	0	0	0	1	1	1	1	0	1	1	0.6
An12g08720	0	0	0	1	1	1	1	0	1	1	0.5
An02g13520	0	0	0	1	1	1	1	0	1	1	0.6
An14g02660	0	0	0	1	1	1	1	0	1	1	0.5
An04g05840	0	0	0	1	1	1	1	0	1	1	0.6
An18g00170	0	0	0	1	1	1	1	0	1	1	0.5
An11g01960	0	0	0	1	1	1	1	0	1	1	0.6
An03g04840	0	0	0	1	1	1	1	0	1	1	0.5
An12g10400	0	0	0	1	1	1	1	0	1	1	0.6
An15g02880	0	0	0	1	1	1	1	0	1	1	0.5
An16g07330	0	0	0	1	1	1	1	0	1	1	0.6
An16g03330	0	0	0	1	1	1	1	0	1	1	0.5
An03g04190	0	0	0	1	1	1	1	0	1	1	0.6
An01g13480	0	0	0	1	1	1	1	0	1	1	0.5
An16g02730	0	0	0	1	1	1	1	0	1	1	0.6
An11g10560	0	0	0	1	1	1	1	0	1	1	0.5
An07g03340	0	0	0	1	1	1	1	0	1	1	0.6
An01g03340	0	0	0	1	1	1	1	0	1	1	0.5
An12g05010	1	1	1	0	1	1	1	0	1	1	0.8
An08g10780	1	1	1	0	1	1	1	0	1	1	0.666666667
An16g02440	1	0	1	0	1	1	1	0	1	1	0.7
An05g01560	0	1	0	0	1	1	1	0	1	1	0.5
An09g02090	0	0	0	0	1	1	1	0	1	1	0.5
An16g00660	0	0	0	0	1	1	1	0	1	1	0.416666667
An16g04780	0	0	0	0	1	1	1	0	1	1	0.5
An12g03440	0	0	0	1	1	0	1	0	1	1	0.416666667
An01g14740	0	0	0	1	1	0	1	0	1	1	0.5
An07g00790	0	0	0	1	1	0	1	0	1	1	0.416666667
An12g10330	0	0	0	1	1	0	1	0	1	1	0.5
An14g01620	1	1	1	1	1	0	1	0	1	1	0.666666667
An12g02940	0	1	0	1	1	0	1	0	1	1	0.6
An18g03730	0	0	0	1	1	0	1	0	1	1	0.416666667
An14g01110	0	0	0	1	1	0	1	0	1	1	0.5
An01g01260	0	0	0	1	1	0	1	0	1	1	0.416666667
An11g03760	0	0	0	1	1	0	1	0	1	1	0.5
An09g03620	0	0	0	1	1	0	1	0	1	1	0.416666667
An14g04210	0	0	0	1	1	0	1	0	1	1	0.5
An12g10250	0	0	0	1	1	0	1	0	1	1	0.416666667
An09g04200	0	0	0	1	1	0	1	0	1	1	0.5
An04g09410	0	0	0	1	1	0	1	0	1	1	0.416666667
An08g04570	0	0	0	1	1	0	1	0	1	1	0.5
An16g08140	1	0	0	0	1	0	1	0	1	1	0.416666667
An16g02400	1	0	0	0	1	0	1	0	1	1	0.5
An08g09420	0	0	0	0	1	0	1	0	1	1	0.333333333
An16g02300	0	0	0	0	1	0	1	0	1	1	0.4
An03g00250	0	0	0	0	1	0	1	0	1	1	0.333333333
An14g05340	0	0	0	0	1	0	1	0	1	1	0.4
An12g05210	0	0	0	0	1	0	1	0	1	1	0.333333333
An01g00550	0	0	0	1	1	1	0	0	1	1	0.5
An14g02040	0	0	0	1	1	1	0	0	1	1	0.416666667
An09g02980	0	0	0	1	1	1	0	0	1	1	0.5
An14g02950	0	0	0	0	1	1	0	0	1	1	0.333333333
An11g09010	0	1	0	1	1	1	0	0	1	1	0.6
An06g02060	0	0	0	1	1	1	0	0	1	1	0.416666667
An08g01100	0	0	0	1	1	1	0	0	1	1	0.5
An09g01190	0	0	1	1	1	1	0	0	1	1	0.5
An01g12440	1	0	1	1	1	1	0	0	1	1	0.7
An14g03410	1	1	1	1	1	1	0	0	1	1	0.666666667
An14g01130	1	1	1	1	1	1	0	0	1	1	0.8
An08g04630	1	1	1	1	1	1	0	0	1	1	0.666666667
An13g02310	0	1	1	1	1	1	0	0	1	1	0.7
An01g14980	1	0	1	1	1	1	0	0	1	1	0.583333333
An04g00520	0	1	0	1	1	1	0	0	1	1	0.6
An09g03010	1	0	0	1	1	1	0	0	1	1	0.5
An02g13400	0	0	0	1	1	1	0	0	1	1	0.5
An02g13300	0	0	0	1	1	1	0	0	1	1	0.416666667
An14g03250	0	0	0	1	1	1	0	0	1	1	0.5
An07g05410	0	0	0	1	1	1	0	0	1	1	0.416666667
An02g06010	0	0	0	1	1	1	0	0	1	1	0.5
An08g03580	0	0	0	1	1	1	0	0	1	1	0.416666667
An03g00770	0	0	0	1	1	1	0	0	1	1	0.5
An08g08280	0	0	0	1	1	1	0	0	1	1	0.416666667
An04g01090	0	0	0	1	1	1	0	0	1	1	0.5
An11g03770	0	0	0	1	1	1	0	0	1	1	0.416666667
An02g02540	0	0	0	1	1	1	0	0	1	1	0.5
An14g00860	0	0	0	1	1	1	0	0	1	1	0.416666667
An12g10160	0	0	0	1	1	1	0	0	1	1	0.5
An08g03630	0	0	0	1	1	1	0	0	1	1	0.416666667
An07g03410	0	0	0	1	1	1	0	0	1	1	0.5
An09g05530	0	0	0	1	1	1	0	0	1	1	0.416666667
An14g02280	0	0	0	1	1	1	0	0	1	1	0.5
An03g01000	0	0	0	1	1	1	0	0	1	1	0.416666667
An15g02630	0	0	0	1	1	1	0	0	1	1	0.5
An15g02710	0	0	0	1	1	1	0	0	1	1	0.416666667
An02g05360	0	0	0	1	1	1	0	0	1	1	0.5
An02g10550	0	0	0	1	1	1	0	0	1	1	0.416666667
An02g12900	0	0	0	1	1	1	0	0	1	1	0.5
An03g01670	0	0	0	1	1	1	0	0	1	1	0.416666667
An08g09140	0	1	1	0	1	1	0	0	1	1	0.6
An05g02250	1	1	1	0	1	1	0	0	1	1	0.583333333
An08g01900	1	0	1	0	1	1	0	0	1	1	0.6
An03g06450	1	0	0	0	1	1	0	0	1	1	0.416666667
An04g01970	0	0	0	0	1	1	0	0	1	1	0.4
An15g07480	0	0	0	0	1	1	0	0	1	1	0.333333333
An08g08310	0	0	0	0	1	1	0	0	1	1	0.4
An09g03260	0	0	0	0	1	1	0	0	1	1	0.333333333
An13g01520	0	0	0	0	1	1	0	0	1	1	0.4
An12g03370	0	0	0	1	1	0	0	0	1	1	0.333333333
An18g00460	0	0	0	1	1	0	0	0	1	1	0.4
An04g09960	0	0	0	1	1	0	0	0	1	1	0.333333333
An07g00580	0	0	0	1	1	0	0	0	1	1	0.4
An05g02480	0	0	1	1	1	0	0	0	1	1	0.416666667
An12g09760	0	0	1	1	1	0	0	0	1	1	0.5
An14g01235	1	1	0	1	1	0	0	0	1	1	0.5
An03g06300	0	0	0	1	1	0	0	0	1	1	0.4
An16g06790	0	0	0	1	1	0	0	0	1	1	0.333333333
An09g03760	1	1	1	0	1	0	0	0	1	1	0.6
An11g08070	1	1	1	0	1	0	0	0	1	1	0.5
An13g02180	0	0	0	0	1	0	0	0	1	1	0.3
An16g01150	0	0	0	0	1	0	0	0	1	1	0.25
An08g08240	0	0	0	0	1	0	0	0	1	1	0.3
An07g09760	0	0	0	0	1	0	0	0	1	1	0.25
An03g02400	0	0	0	1	1	0	0	0	1	1	0.4
An01g11250	0	0	0	1	1	0	0	0	1	1	0.333333333
An02g08230	0	0	1	1	1	0	0	0	1	1	0.5
An04g09690	0	0	1	1	1	0	0	0	1	1	0.416666667
An12g02540	1	0	0	1	1	0	0	0	1	1	0.5
An01g14810	1	0	0	1	1	0	0	0	1	1	0.416666667
An01g14960	1	0	0	1	1	0	0	0	1	1	0.5
An01g11710	0	0	0	1	1	0	0	0	1	1	0.333333333
An18g01950	0	0	0	1	1	0	0	0	1	1	0.4
An15g07370	0	0	0	1	1	0	0	0	1	1	0.333333333
An08g09380	0	0	0	1	1	0	0	0	1	1	0.4
An15g05350	0	0	0	1	1	0	0	0	1	1	0.333333333
An18g01520	0	0	0	1	1	0	0	0	1	1	0.4
An07g03930	0	0	0	1	1	0	0	0	1	1	0.333333333
An04g09820	0	0	0	1	1	0	0	0	1	1	0.4
An01g11240	0	0	0	1	1	0	0	0	1	1	0.333333333
An02g03220	0	0	0	1	1	0	0	0	1	1	0.4
An06g00210	0	0	0	1	1	0	0	0	1	1	0.333333333
An12g05590	0	0	0	1	1	0	0	0	1	1	0.4
An05g01800	0	0	0	1	1	0	0	0	1	1	0.333333333
An15g07580	0	0	0	1	1	0	0	0	1	1	0.4
An09g02890	0	0	0	1	1	0	0	0	1	1	0.333333333
An11g00100	0	0	0	1	1	0	0	0	1	1	0.4
An15g04900	1	1	1	0	1	0	0	0	1	1	0.5
An11g02730	1	1	1	0	1	0	0	0	1	1	0.6
An03g01050	1	1	1	0	1	0	0	0	1	1	0.5
An14g02170	1	0	1	0	1	0	0	0	1	1	0.5
An02g10340	1	0	1	0	1	0	0	0	1	1	0.416666667
An12g02410	1	0	1	0	1	0	0	0	1	1	0.5
An07g00510	0	0	0	0	1	0	0	0	1	1	0.25
An06g00630	0	0	0	0	1	0	0	0	1	1	0.3
An08g00490	0	0	0	0	1	0	0	0	1	1	0.25
An03g03480	0	0	0	0	1	0	0	0	1	1	0.3
An02g07980	0	0	0	0	1	0	0	0	1	1	0.25
An11g07940	0	0	0	0	1	0	0	0	1	1	0.3
An16g04210	0	0	0	0	1	0	0	0	1	1	0.25
An17g01805	0	0	0	0	1	0	0	0	1	1	0.3
An10g00730	0	0	0	0	1	0	0	0	1	1	0.25
An12g05700	0	0	0	0	1	0	0	0	1	1	0.3
An14g01390	0	0	0	0	1	0	0	0	1	1	0.25
An16g04280	0	0	0	0	1	0	0	0	1	1	0.3
An12g10740	0	0	0	0	1	0	0	0	1	1	0.25
An12g01150	0	0	0	0	1	0	0	0	1	1	0.3
An01g01360	0	0	0	0	1	0	0	0	1	1	0.25
An04g07530	0	0	0	0	1	0	0	0	1	1	0.3
An04g08550	0	0	0	0	1	0	0	0	1	1	0.25
An07g05660	0	0	0	0	1	0	0	0	1	1	0.3
An14g01800	0	0	0	0	1	0	0	0	1	1	0.25
An18g00630	0	0	0	1	1	1	1	1	0	1	0.6
An01g01320	0	0	0	0	1	1	1	1	0	1	0.416666667
An02g13640	0	1	0	1	1	1	0	1	0	1	0.6
An15g01600	1	1	1	0	1	1	0	1	0	1	0.583333333
An04g03180	1	1	1	1	1	1	1	1	0	1	0.9
An01g03410	1	1	1	1	1	1	1	1	0	1	0.75
An12g02470	0	0	0	1	1	1	1	1	0	1	0.6
An01g14670	0	0	0	0	1	1	1	1	0	1	0.416666667
An05g02440	0	0	0	0	1	1	1	1	0	1	0.5
An02g09010	1	1	1	1	1	1	1	1	0	1	0.75
An04g02250	1	1	1	1	1	1	1	1	0	1	0.9
An01g12240	1	1	1	1	1	1	1	1	0	1	0.75
An16g08420	1	1	1	1	1	1	1	1	0	1	0.9
An12g01070	1	1	1	1	1	1	1	1	0	1	0.75
An12g08250	1	1	1	1	1	1	1	1	0	1	0.9
An02g14350	1	1	1	1	1	1	1	1	0	1	0.75
An16g04600	1	1	1	1	1	1	1	1	0	1	0.9
An04g05710	1	1	1	1	1	1	1	1	0	1	0.75
An01g04690	1	1	1	1	1	1	1	1	0	1	0.9
An07g07020	1	1	1	1	1	1	1	1	0	1	0.75
An15g05850	1	1	1	1	1	1	1	1	0	1	0.9
An02g14610	1	1	1	1	1	1	1	1	0	1	0.75
An04g00790	1	1	1	1	1	1	1	1	0	1	0.9
An01g08860	1	1	1	1	1	1	1	1	0	1	0.75
An06g01820	1	1	1	1	1	1	1	1	0	1	0.9
An11g02640	1	1	1	1	1	1	1	1	0	1	0.75
An04g08750	1	1	1	1	1	1	1	1	0	1	0.9
An07g09090	1	1	1	1	1	1	1	1	0	1	0.75
An18g04000	1	1	1	1	1	1	1	1	0	1	0.9
An18g05180	1	1	1	1	1	1	1	1	0	1	0.75
An01g05640	1	1	1	1	1	1	1	1	0	1	0.9
An01g01870	1	1	1	0	1	0	1	1	0	1	0.583333333
An09g03700	1	1	1	0	1	0	1	1	0	1	0.7
An04g10140	0	0	1	0	1	0	1	1	0	1	0.416666667
An16g05320	0	0	0	0	1	0	1	1	0	1	0.4
An08g00900	1	1	1	1	1	1	0	1	0	1	0.666666667
An18g03920	1	1	0	1	1	1	0	1	0	1	0.7
An11g00220	0	0	0	1	1	0	0	1	0	1	0.333333333
An08g09230	1	0	0	0	1	0	0	1	0	1	0.4
An07g05030	0	0	0	0	1	0	0	1	0	1	0.25
An01g02680	0	0	0	1	1	1	1	0	0	1	0.5
An02g00150	1	0	1	0	1	1	1	0	0	1	0.5
An15g04540	0	0	0	1	1	0	1	0	0	1	0.4
An07g09350	0	0	1	0	1	0	1	0	0	1	0.333333333
An02g14500	0	0	0	0	1	0	1	0	0	1	0.3
An12g02590	0	0	0	1	1	1	1	0	0	1	0.416666667
An07g10060	1	1	1	1	1	1	1	0	0	1	0.8
An02g13530	1	1	1	1	1	1	1	0	0	1	0.666666667
An06g02460	0	0	1	1	1	1	1	0	0	1	0.6
An02g08040	0	0	0	1	1	1	1	0	0	1	0.416666667
An07g02450	0	0	0	1	1	1	1	0	0	1	0.5
An04g05550	0	0	0	1	1	1	1	0	0	1	0.416666667
An09g06360	0	0	0	1	1	1	1	0	0	1	0.5
An07g03030	0	0	0	1	1	1	1	0	0	1	0.416666667
An15g01590	0	0	0	1	1	0	1	0	0	1	0.4
An04g07120	0	0	0	1	1	0	1	0	0	1	0.333333333
An09g06260	1	1	1	0	1	0	1	0	0	1	0.6
An11g04240	0	0	0	0	1	0	1	0	0	1	0.25
An15g02150	0	0	0	0	1	0	1	0	0	1	0.3
An01g06350	0	0	0	0	1	0	1	0	0	1	0.25
An04g09710	0	0	0	0	1	1	0	0	0	1	0.3
An03g06630	0	0	0	0	1	1	0	0	0	1	0.25
An06g00350	0	0	0	0	1	1	0	0	0	1	0.3
An12g09310	1	1	1	1	1	1	0	0	0	1	0.583333333
An15g05930	0	1	0	1	1	1	0	0	0	1	0.5
An16g04900	1	0	0	1	1	1	0	0	0	1	0.416666667
An12g02920	1	0	0	1	1	1	0	0	0	1	0.5
An04g08430	0	0	0	1	1	1	0	0	0	1	0.333333333
An11g07490	0	0	0	1	1	1	0	0	0	1	0.4
An12g06000	0	0	0	1	1	1	0	0	0	1	0.333333333
An18g06770	0	0	0	1	1	1	0	0	0	1	0.4
An12g04700	0	0	0	1	1	1	0	0	0	1	0.333333333
An08g06730	0	0	0	1	1	1	0	0	0	1	0.4
An01g10940	0	0	0	1	1	1	0	0	0	1	0.333333333
An04g08220	1	0	1	0	1	1	0	0	0	1	0.5
An01g14990	0	0	0	0	1	1	0	0	0	1	0.25
An12g10950	0	0	0	0	1	1	0	0	0	1	0.3
An08g04580	0	0	0	0	1	1	0	0	0	1	0.25
An07g01350	1	0	0	1	1	0	0	0	0	1	0.4
An15g07710	0	0	0	1	1	0	0	0	0	1	0.25
An02g13650	0	0	0	1	1	0	0	0	0	1	0.3
An11g09170	0	0	0	1	1	0	0	0	0	1	0.25
An15g03800	0	0	0	1	1	0	0	0	0	1	0.3
An09g05050	0	0	0	1	1	0	0	0	0	1	0.25
An03g01290	1	1	1	0	1	0	0	0	0	1	0.5
An13g02450	0	1	0	0	1	0	0	0	0	1	0.25
An15g05480	1	0	0	0	1	0	0	0	0	1	0.3
An09g00540	0	0	0	0	1	0	0	0	0	1	0.166666667
An16g01600	0	0	0	0	1	0	0	0	0	1	0.2
An08g02170	0	0	0	0	1	0	0	0	0	1	0.166666667
An03g01770	0	0	0	0	1	0	0	0	0	1	0.2
An02g14040	0	0	0	0	1	0	0	0	0	1	0.166666667
An01g01300	0	0	0	0	1	0	0	0	0	1	0.2
An16g07310	0	0	0	0	1	0	0	0	0	1	0.166666667
An15g02210	0	0	0	0	1	0	0	0	0	1	0.2
An01g10640	0	0	0	0	1	0	0	0	0	1	0.166666667
An12g09520	0	0	0	0	1	0	0	0	0	1	0.2
An03g00310	0	0	0	0	1	0	0	0	0	1	0.166666667
An01g14560	0	0	0	0	1	0	0	0	0	1	0.2
An06g02520	0	0	0	0	1	0	0	0	0	1	0.166666667
An03g05760	0	0	0	0	1	0	0	0	0	1	0.2
An04g06240	1	1	1	1	1	0	1	1	1	0	0.666666667
An11g08140	1	1	1	1	1	1	1	1	1	0	0.9
An04g04530	1	1	1	0	1	1	1	1	1	0	0.666666667
An15g05520	1	1	0	1	1	1	1	1	1	0	0.8
An01g08960	1	1	0	1	1	1	1	1	1	0	0.666666667
An11g07080	0	0	0	0	1	0	1	1	1	0	0.4
An09g05550	1	0	0	1	1	0	1	1	1	0	0.5
An08g08430	0	0	0	1	1	0	0	1	1	0	0.4
An11g02440	0	0	0	1	1	0	0	1	1	0	0.333333333
An01g02070	0	0	0	0	1	0	0	1	1	0	0.3
An15g05110	1	1	1	1	1	1	1	0	1	0	0.666666667
An01g14650	0	0	1	0	1	1	1	0	1	0	0.5
An06g00810	1	1	0	1	1	1	0	0	1	0	0.5
An12g01800	1	1	0	1	1	1	0	0	1	0	0.6
An18g01140	1	0	1	0	1	1	0	0	1	0	0.416666667
An15g04550	0	0	0	0	1	1	0	0	1	0	0.3
An08g11070	0	0	0	1	1	0	0	0	1	0	0.25
An06g02030	0	0	0	1	1	0	0	0	1	0	0.3
An14g02300	0	0	0	0	1	0	0	0	1	0	0.166666667
An15g05020	0	0	0	0	1	0	0	0	1	0	0.2
An03g06560	1	1	1	1	1	1	1	1	1	0	0.75
An05g02310	1	0	0	0	1	1	1	1	1	0	0.6
An11g00670	0	0	0	1	1	1	1	1	1	0	0.5
An08g11860	1	1	1	1	1	1	1	1	1	0	0.9
An13g01880	1	1	1	1	1	1	1	1	1	0	0.75
An14g02150	0	1	1	1	1	1	1	1	1	0	0.8
An02g04690	0	1	1	1	1	1	1	1	1	0	0.666666667
An08g04640	0	0	0	0	1	1	1	1	1	0	0.5
An06g00190	0	0	0	0	1	1	1	1	1	0	0.416666667
An12g07730	1	1	1	1	1	1	1	1	1	0	0.9
An18g01240	1	1	1	1	1	1	1	1	1	0	0.75
An11g05700	1	1	1	1	1	1	1	1	1	0	0.9
An16g04040	1	1	1	1	1	1	1	1	1	0	0.75
An15g03390	1	1	1	1	1	1	1	1	1	0	0.9
An14g02760	1	0	1	1	1	1	1	1	1	0	0.666666667
An02g00190	1	1	0	1	1	1	1	1	1	0	0.8
An02g09050	1	1	0	1	1	1	1	1	1	0	0.666666667
An08g08290	1	1	0	1	1	1	1	1	1	0	0.8
An08g03440	1	1	0	1	1	1	1	1	1	0	0.666666667
An09g00680	0	0	0	1	1	1	1	1	1	0	0.6
An01g11130	0	0	0	0	1	1	1	1	1	0	0.416666667
An07g00170	0	0	0	0	1	1	1	1	1	0	0.5
An09g00480	0	0	0	0	1	0	1	1	1	0	0.333333333
An09g00620	0	0	0	0	1	0	1	1	1	0	0.4
An09g01050	1	0	0	1	1	0	1	1	1	0	0.5
An01g09530	0	0	0	1	1	0	1	1	1	0	0.5
An12g10560	1	1	1	0	1	0	1	1	1	0	0.583333333
An16g00670	0	0	0	0	1	0	1	1	1	0	0.4
An18g00730	1	1	1	0	1	1	0	1	1	0	0.583333333
An11g00040	0	0	0	1	1	1	0	1	1	0	0.5
An04g07370	1	0	1	1	1	1	0	1	1	0	0.583333333
An01g11480	1	0	1	1	1	1	0	1	1	0	0.7
An14g00800	0	1	0	1	1	1	0	1	1	0	0.5
An18g01340	1	1	0	0	1	0	0	1	1	0	0.5
An15g07000	1	1	0	0	1	0	0	1	1	0	0.416666667
An12g06130	0	1	0	1	1	0	0	1	1	0	0.5
An01g14730	1	1	1	1	1	0	0	1	1	0	0.583333333
An05g01770	1	1	1	1	1	0	0	1	1	0	0.7
An05g01750	1	1	1	1	1	0	0	1	1	0	0.583333333
An16g02230	1	1	0	1	1	0	0	1	1	0	0.6
An13g03450	0	0	1	0	1	0	0	1	1	0	0.333333333
An04g06300	1	1	1	0	1	0	0	1	1	0	0.6
An13g02530	1	1	1	0	1	0	0	1	1	0	0.5
An09g02370	1	0	1	0	1	0	0	1	1	0	0.5
An03g06790	1	0	0	0	1	0	0	1	1	0	0.333333333
An15g00850	1	0	0	0	1	0	0	1	1	0	0.4
An07g00320	0	0	0	0	1	0	1	0	1	0	0.25
An01g01150	0	0	0	0	1	0	1	0	1	0	0.3
An01g07730	1	0	0	1	1	0	1	0	1	0	0.416666667
An11g08920	0	0	0	1	1	0	1	0	1	0	0.4
An12g05400	1	0	1	0	1	0	1	0	1	0	0.416666667
An15g03550	1	1	1	1	1	1	1	0	1	0	0.8
An09g04360	0	0	0	1	1	1	1	0	1	0	0.416666667
An01g08630	1	0	0	1	1	1	1	0	1	0	0.6
An12g10790	1	0	0	1	1	1	1	0	1	0	0.5
An12g07750	0	0	0	1	1	1	1	0	1	0	0.5
An14g04490	0	0	0	1	1	1	1	0	1	0	0.416666667
An01g04530	0	0	0	1	1	1	1	0	1	0	0.5
An16g00070	0	0	0	1	1	1	1	0	1	0	0.416666667
An16g06800	0	0	0	1	1	1	1	0	1	0	0.5
An03g06310	1	1	1	0	1	1	1	0	1	0	0.583333333
An18g04810	0	0	0	0	1	1	1	0	1	0	0.4
An13g02130	0	0	0	0	1	1	1	0	1	0	0.333333333
An11g06510	0	0	0	1	1	0	1	0	1	0	0.4
An13g00480	0	1	0	1	1	0	1	0	1	0	0.416666667
An01g01840	0	0	0	1	1	0	1	0	1	0	0.4
An12g04260	0	0	0	1	1	0	1	0	1	0	0.333333333
An14g02980	0	0	0	1	1	0	1	0	1	0	0.4
An04g08440	0	0	1	0	1	0	1	0	1	0	0.333333333
An02g12930	1	0	0	0	1	0	1	0	1	0	0.4
An12g05360	1	0	0	0	1	0	1	0	1	0	0.333333333
An02g08130	0	0	0	0	1	0	1	0	1	0	0.3
An01g01370	0	0	0	0	1	0	1	0	1	0	0.25
An07g06800	0	0	0	0	1	0	1	0	1	0	0.3
An07g01000	0	0	0	0	1	0	1	0	1	0	0.25
An06g00170	0	0	0	0	1	0	1	0	1	0	0.3
An13g02620	0	0	0	0	1	0	1	0	1	0	0.25
An07g00480	1	1	1	1	1	1	0	0	1	0	0.7
An16g03700	0	0	0	1	1	1	0	0	1	0	0.333333333
An02g07850	0	0	0	1	1	1	0	0	1	0	0.4
An02g06660	0	0	0	1	1	1	0	0	1	0	0.333333333
An09g00120	0	0	0	1	1	1	0	0	1	0	0.4
An16g01780	0	0	0	1	1	1	0	0	1	0	0.333333333
An08g03650	0	0	0	1	1	1	0	0	1	0	0.4
An15g04570	1	0	0	0	1	1	0	0	1	0	0.333333333
An02g12450	0	0	0	0	1	1	0	0	1	0	0.3
An03g05930	0	0	0	0	1	1	0	0	1	0	0.25
An16g01290	0	0	0	0	1	1	0	0	1	0	0.3
An03g06500	0	0	0	0	1	1	0	0	1	0	0.25
An03g00850	0	0	0	1	1	0	0	0	1	0	0.3
An11g00270	0	0	0	0	1	0	0	0	1	0	0.166666667
An16g02540	0	0	0	0	1	0	0	0	1	0	0.2
An16g02530	0	0	0	0	1	0	0	0	1	0	0.166666667
An11g02890	0	0	0	1	1	0	0	0	1	0	0.3
An10g00140	0	0	0	1	1	0	0	0	1	0	0.25
An16g05690	0	0	0	1	1	0	0	0	1	0	0.3
An01g06620	1	0	0	1	1	0	0	0	1	0	0.333333333
An07g00330	0	0	0	1	1	0	0	0	1	0	0.3
An07g06300	0	0	0	1	1	0	0	0	1	0	0.25
An11g01190	0	0	0	1	1	0	0	0	1	0	0.3
An02g10330	0	0	0	1	1	0	0	0	1	0	0.25
An04g09490	0	0	0	1	1	0	0	0	1	0	0.3
An04g08050	0	0	0	1	1	0	0	0	1	0	0.25
An07g00350	0	0	0	1	1	0	0	0	1	0	0.3
An01g07680	0	0	0	1	1	0	0	0	1	0	0.25
An09g03300	0	0	0	1	1	0	0	0	1	0	0.3
An06g02000	0	0	0	1	1	0	0	0	1	0	0.25
An07g00200	0	0	1	0	1	0	0	0	1	0	0.3
An04g04460	1	1	0	0	1	0	0	0	1	0	0.333333333
An15g05000	1	1	0	0	1	0	0	0	1	0	0.4
An11g05100	1	1	0	0	1	0	0	0	1	0	0.333333333
An15g04170	1	0	0	0	1	0	0	0	1	0	0.3
An16g06260	1	0	0	0	1	0	0	0	1	0	0.25
An14g01253	1	0	0	0	1	0	0	0	1	0	0.3
An12g04090	0	0	0	0	1	0	0	0	1	0	0.166666667
An04g06350	0	0	0	0	1	0	0	0	1	0	0.2
An19g00040	0	0	0	0	1	0	0	0	1	0	0.166666667
An09g05130	0	0	0	0	1	0	0	0	1	0	0.2
An11g03310	0	0	0	0	1	0	0	0	1	0	0.166666667
An07g05710	0	0	0	0	1	0	0	0	1	0	0.2
An08g11180	0	0	0	0	1	0	0	0	1	0	0.166666667
An04g03010	0	0	0	0	1	0	0	0	1	0	0.2
An06g02070	0	0	0	0	1	0	0	0	1	0	0.166666667
An07g04850	0	0	0	0	1	0	0	0	1	0	0.2
An08g01070	0	0	0	0	1	0	0	0	1	0	0.166666667
An11g05340	0	0	0	0	1	0	0	0	1	0	0.2
An03g01060	0	0	0	0	1	0	0	0	1	0	0.166666667
An15g00830	0	0	0	0	1	0	0	0	1	0	0.2
An08g06250	0	0	0	0	1	0	0	0	1	0	0.166666667
An12g10680	0	0	0	0	1	0	0	0	1	0	0.2
An12g01380	0	0	0	0	1	0	0	0	1	0	0.166666667
An01g14600	0	0	0	0	1	0	0	0	1	0	0.2
An09g00840	0	0	0	0	1	0	0	0	1	0	0.166666667
An13g03140	0	0	0	0	1	0	0	0	1	0	0.2
An12g10180	0	0	0	0	1	0	0	0	1	0	0.166666667
An11g09240	0	0	0	0	1	0	0	0	1	0	0.2
An02g13710	0	0	0	0	1	0	0	0	1	0	0.166666667
An01g11560	0	0	0	0	1	0	0	0	1	0	0.2
An12g10360	0	0	0	0	1	0	0	0	1	0	0.166666667
An03g05560	0	0	0	0	1	0	0	0	1	0	0.2
An16g01120	0	0	0	0	1	0	0	0	1	0	0.166666667
An01g10910	0	0	0	0	1	0	0	0	1	0	0.2
An14g03070	0	0	0	0	1	0	0	0	1	0	0.166666667
An04g10150	0	0	0	0	1	0	0	0	1	0	0.2
An07g03300	0	0	0	0	1	0	0	0	1	0	0.166666667
An02g08560	0	0	0	0	1	0	0	0	1	0	0.2
An05g01140	0	0	0	0	1	0	0	0	1	0	0.166666667
An03g05380	0	0	0	0	1	0	0	0	1	0	0.2
An01g07990	0	0	0	0	1	0	0	0	1	0	0.166666667
An15g00820	0	0	0	0	1	0	0	0	1	0	0.2
An07g03560	0	0	0	0	1	0	0	0	1	0	0.166666667
An10g00970	0	0	0	0	1	0	0	0	1	0	0.2
An06g00920	0	0	0	0	1	0	0	0	1	0	0.166666667
An14g01330	0	0	0	0	1	0	0	0	1	0	0.2
An12g10030	0	0	0	0	1	0	0	0	1	0	0.166666667
An13g01510	0	0	0	0	1	0	0	0	1	0	0.2
An06g02700	0	0	0	0	1	0	0	0	1	0	0.166666667
An07g01060	0	0	0	0	1	0	0	0	1	0	0.2
An11g01340	0	0	0	0	1	0	0	0	1	0	0.166666667
An04g01690	0	0	0	0	1	0	0	0	1	0	0.2
An12g10590	0	0	0	0	1	0	0	0	1	0	0.166666667
An02g10840	0	0	0	0	1	0	0	0	1	0	0.2
An12g01650	0	0	0	0	1	0	0	0	1	0	0.166666667
An01g05270	0	0	0	0	1	0	0	0	1	0	0.2
An14g03110	0	0	0	0	1	0	0	0	1	0	0.166666667
An02g11890	1	1	1	0	1	1	0	1	0	0	0.6
An03g00500	0	1	0	1	1	1	1	1	0	0	0.5
An09g01340	0	0	0	1	1	1	1	1	0	0	0.5
An01g00860	1	1	1	0	1	0	1	1	0	0	0.5
An18g02690	1	1	1	0	1	0	1	1	0	0	0.6
An03g01140	1	1	1	1	1	1	1	1	0	0	0.666666667
An02g11180	0	0	0	1	1	1	1	1	0	0	0.5
An08g04490	1	1	1	0	1	1	1	1	0	0	0.583333333
An09g00590	0	0	0	0	1	1	1	1	0	0	0.4
An08g03830	0	0	0	1	1	0	1	1	0	0	0.333333333
An03g01030	0	0	0	0	1	0	1	1	0	0	0.3
An11g10260	1	0	1	1	1	1	0	1	0	0	0.5
An15g03010	1	1	0	1	1	1	0	1	0	0	0.6
An11g10120	1	1	0	0	1	0	0	1	0	0	0.333333333
An09g00790	1	1	0	0	1	0	0	1	0	0	0.4
An09g02150	1	0	0	0	1	0	0	1	0	0	0.25
An11g08530	1	0	0	0	1	0	0	1	0	0	0.3
An12g05310	0	0	0	0	1	0	0	1	0	0	0.166666667
An17g00390	0	0	0	0	1	0	0	1	0	0	0.2
An11g00310	0	0	0	0	1	0	0	1	0	0	0.166666667
An03g01370	0	0	0	0	1	0	0	1	0	0	0.2
An12g05970	0	0	0	0	1	0	0	1	0	0	0.166666667
An01g03200	0	0	0	0	1	0	0	1	0	0	0.2
An08g10220	1	1	1	1	1	1	1	0	0	0	0.583333333
An06g02490	0	0	0	0	1	0	1	0	0	0	0.2
An18g00260	0	0	0	0	1	0	1	0	0	0	0.166666667
An13g02120	1	1	0	0	1	0	1	0	0	0	0.4
An07g00950	0	0	0	0	1	0	1	0	0	0	0.166666667
An14g01370	0	0	0	0	1	1	1	0	0	0	0.3
An14g05370	1	1	1	1	1	1	1	0	0	0	0.583333333
An03g05200	0	0	0	1	1	1	1	0	0	0	0.4
An11g06300	0	0	0	0	1	1	1	0	0	0	0.25
An16g05940	1	0	1	1	1	0	1	0	0	0	0.5
An08g01340	1	0	1	1	1	0	1	0	0	0	0.416666667
An15g05270	0	0	0	0	1	0	1	0	0	0	0.2
An07g02440	0	0	0	0	1	0	1	0	0	0	0.166666667
An08g01300	0	0	0	1	1	0	1	0	0	0	0.3
An11g00330	0	0	0	1	1	0	1	0	0	0	0.25
An06g02470	0	0	0	1	1	0	1	0	0	0	0.3
An08g04560	0	1	1	0	1	0	1	0	0	0	0.333333333
An02g01070	0	0	0	0	1	0	1	0	0	0	0.2
An15g04190	0	0	0	0	1	0	1	0	0	0	0.166666667
An12g07120	0	0	0	0	1	0	1	0	0	0	0.2
An11g01220	0	0	0	0	1	0	1	0	0	0	0.166666667
An11g03200	0	0	0	0	1	0	1	0	0	0	0.2
An13g02110	0	0	0	0	1	0	1	0	0	0	0.166666667
An08g04050	0	0	0	0	1	0	1	0	0	0	0.2
An12g02630	0	0	0	0	1	0	1	0	0	0	0.166666667
An06g02150	0	0	0	0	1	0	1	0	0	0	0.2
An07g06480	0	0	0	0	1	0	1	0	0	0	0.166666667
An19g00280	0	0	0	0	1	0	1	0	0	0	0.2
An03g03390	0	0	0	0	1	1	0	0	0	0	0.166666667
An09g01480	0	0	0	0	1	1	0	0	0	0	0.2
An13g03800	0	0	0	0	1	1	0	0	0	0	0.166666667
An10g00780	0	0	0	0	1	1	0	0	0	0	0.2
An12g06770	0	0	0	1	1	1	0	0	0	0	0.25
An03g02510	0	0	0	1	1	1	0	0	0	0	0.3
An07g01320	0	0	0	1	1	1	0	0	0	0	0.25
An16g06170	0	0	0	1	1	1	0	0	0	0	0.3
An11g10270	1	0	1	0	1	1	0	0	0	0	0.333333333
An12g07030	0	1	0	0	1	1	0	0	0	0	0.3
An04g02990	1	0	0	0	1	1	0	0	0	0	0.25
An14g07390	0	0	0	0	1	1	0	0	0	0	0.2
An18g01290	0	0	0	0	1	1	0	0	0	0	0.166666667
An06g00360	0	0	0	0	1	1	0	0	0	0	0.2
An15g05840	0	0	0	0	1	1	0	0	0	0	0.166666667
An03g00830	0	0	0	0	1	1	0	0	0	0	0.2
An09g01130	0	0	0	0	1	1	0	0	0	0	0.166666667
An12g01770	0	0	0	0	1	1	0	0	0	0	0.2
An06g00780	0	0	0	0	1	1	0	0	0	0	0.166666667
An16g02020	1	1	0	0	1	0	0	0	0	0	0.3
An16g05970	1	0	0	0	1	0	0	0	0	0	0.166666667
An09g05350	0	0	0	0	1	0	0	0	0	0	0.1
An01g01460	0	0	0	0	1	0	0	0	0	0	0.083333333
An01g01410	0	0	0	0	1	0	0	0	0	0	0.1
An03g01910	0	0	0	0	1	0	0	0	0	0	0.083333333
An15g05280	0	0	0	0	1	0	0	0	0	0	0.1
An08g08140	0	0	0	0	1	0	0	0	0	0	0.083333333
An06g00460	0	0	0	0	1	0	0	0	0	0	0.1
An03g01700	0	0	0	0	1	0	0	0	0	0	0.083333333
An14g03870	0	0	0	0	1	0	0	0	0	0	0.1
An03g00670	0	0	1	1	1	0	0	0	0	0	0.25
An07g04880	1	0	0	1	1	0	0	0	0	0	0.3
An04g06110	1	0	0	1	1	0	0	0	0	0	0.25
An15g07820	1	0	0	1	1	0	0	0	0	0	0.3
An09g03020	0	0	0	1	1	0	0	0	0	0	0.166666667
An01g01630	0	0	0	1	1	0	0	0	0	0	0.2
An04g00720	0	0	0	1	1	0	0	0	0	0	0.166666667
An09g03650	0	0	0	1	1	0	0	0	0	0	0.2
An06g02340	0	0	0	1	1	0	0	0	0	0	0.166666667
An15g07800	0	0	0	1	1	0	0	0	0	0	0.2
An15g01220	0	0	0	1	1	0	0	0	0	0	0.166666667
An16g06270	0	0	0	1	1	0	0	0	0	0	0.2
An10g00190	0	0	0	1	1	0	0	0	0	0	0.166666667
An13g03050	0	0	0	1	1	0	0	0	0	0	0.2
An04g04500	0	0	0	1	1	0	0	0	0	0	0.166666667
An15g07790	0	0	0	1	1	0	0	0	0	0	0.2
An07g04400	0	0	0	1	1	0	0	0	0	0	0.166666667
An11g09190	1	0	1	0	1	0	0	0	0	0	0.3
An01g00530	0	0	1	0	1	0	0	0	0	0	0.166666667
An16g05910	0	0	1	0	1	0	0	0	0	0	0.2
An19g00230	0	1	0	0	1	0	0	0	0	0	0.166666667
An07g04550	0	1	0	0	1	0	0	0	0	0	0.2
An11g06330	0	0	0	0	1	0	0	0	0	0	0.083333333
An01g12840	0	0	0	0	1	0	0	0	0	0	0.1
An11g07170	0	0	0	0	1	0	0	0	0	0	0.083333333
An14g04130	0	0	0	0	1	0	0	0	0	0	0.1
An14g02710	0	0	0	0	1	0	0	0	0	0	0.083333333
An15g02110	0	0	0	0	1	0	0	0	0	0	0.1
An08g09710	0	0	0	0	1	0	0	0	0	0	0.083333333
An11g07040	0	0	0	0	1	0	0	0	0	0	0.1
An02g13230	0	0	0	0	1	0	0	0	0	0	0.083333333
An11g00300	0	0	0	0	1	0	0	0	0	0	0.1
An03g03440	0	0	0	0	1	0	0	0	0	0	0.083333333
An02g09890	0	0	0	0	1	0	0	0	0	0	0.1
An01g15200	0	0	0	0	1	0	0	0	0	0	0.083333333
An08g01910	0	0	0	0	1	0	0	0	0	0	0.1
An14g02420	0	0	0	0	1	0	0	0	0	0	0.083333333
An07g06970	0	0	0	0	1	0	0	0	0	0	0.1
An06g02200	0	0	0	0	1	0	0	0	0	0	0.083333333
An05g01250	0	0	0	0	1	0	0	0	0	0	0.1
An02g08880	0	0	0	0	1	0	0	0	0	0	0.083333333
An13g02470	0	0	0	0	1	0	0	0	0	0	0.1
An08g04510	0	0	0	0	1	0	0	0	0	0	0.083333333
An06g02350	0	0	0	0	1	0	0	0	0	0	0.1
An03g00150	0	0	0	0	1	0	0	0	0	0	0.083333333
An11g01240	0	0	0	0	1	0	0	0	0	0	0.1
An14g02670	0	0	0	0	1	0	0	0	0	0	0.083333333
An13g03400	0	0	0	0	1	0	0	0	0	0	0.1
An09g02420	0	0	0	0	1	0	0	0	0	0	0.083333333
An11g04040	0	0	0	0	1	0	0	0	0	0	0.1
An01g14440	0	0	0	0	1	0	0	0	0	0	0.083333333
An12g10200	0	0	0	0	1	0	0	0	0	0	0.1
An04g09560	0	0	0	0	1	0	0	0	0	0	0.083333333
An16g01740	0	0	0	0	1	0	0	0	0	0	0.1
An01g12260	0	0	0	0	1	0	0	0	0	0	0.083333333
An14g00450	0	0	0	0	1	0	0	0	0	0	0.1
An02g11640	0	0	0	0	1	0	0	0	0	0	0.083333333
An08g04330	0	0	0	0	1	0	0	0	0	0	0.1
An02g01380	0	0	0	0	1	0	0	0	0	0	0.083333333
An05g00400	0	0	0	0	1	0	0	0	0	0	0.1
An12g05930	0	0	0	0	1	0	0	0	0	0	0.083333333
An02g13120	0	0	0	0	1	0	0	0	0	0	0.1
An14g02770	0	0	0	0	1	0	0	0	0	0	0.083333333
An07g06210	0	0	0	0	1	0	0	0	0	0	0.1
An10g00380	0	0	0	0	1	0	0	0	0	0	0.083333333
An11g03550	0	0	0	0	1	0	0	0	0	0	0.1
An02g03690	0	0	0	0	1	0	0	0	0	0	0.083333333
An11g08850	0	0	0	0	1	0	0	0	0	0	0.1
An09g02760	0	0	0	0	1	0	0	0	0	0	0.083333333
An09g00290	0	0	0	0	1	0	0	0	0	0	0.1
An02g00320	0	0	0	0	1	0	0	0	0	0	0.083333333
An06g01000	0	0	0	0	1	0	0	0	0	0	0.1
An04g05610	0	0	0	0	1	0	0	0	0	0	0.083333333
An01g01310	0	0	0	0	1	0	0	0	0	0	0.1
An11g02720	0	0	0	0	1	0	0	0	0	0	0.083333333
An09g04390	0	0	0	0	1	0	0	0	0	0	0.1
An16g01900	0	0	0	0	1	0	0	0	0	0	0.083333333
An16g06520	0	0	0	0	1	0	0	0	0	0	0.1
An13g01470	0	0	0	0	1	0	0	0	0	0	0.083333333
An11g08120	0	0	0	0	1	0	0	0	0	0	0.1
An07g01140	0	0	0	0	1	0	0	0	0	0	0.083333333
An06g02130	0	0	0	0	1	0	0	0	0	0	0.1
An08g08030	0	0	0	0	1	0	0	0	0	0	0.083333333
An03g02630	0	0	0	0	1	0	0	0	0	0	0.1
An01g08540	0	0	0	0	1	0	0	0	0	0	0.083333333
An16g06140	0	0	0	0	1	0	0	0	0	0	0.1
An08g11500	0	0	0	0	1	0	0	0	0	0	0.083333333
An07g08410	0	0	0	0	1	0	0	0	0	0	0.1
An11g08460	0	0	0	0	1	0	0	0	0	0	0.083333333
An12g02490	0	0	0	0	1	0	0	0	0	0	0.1
An08g09850	0	0	0	0	1	0	0	0	0	0	0.083333333
An03g05230	0	0	0	0	1	0	0	0	0	0	0.1
An01g05280	0	0	0	0	1	0	0	0	0	0	0.083333333
An16g00460	0	0	0	0	1	0	0	0	0	0	0.1
An16g06580	0	0	0	0	1	0	0	0	0	0	0.083333333
An12g00140	0	0	0	0	1	0	0	0	0	0	0.1
An14g07140	0	0	0	0	1	0	0	0	0	0	0.083333333
An10g00840	0	0	0	0	1	0	0	0	0	0	0.1
An01g15140	0	0	0	0	1	0	0	0	0	0	0.083333333
An15g03750	0	0	0	0	1	0	0	0	0	0	0.1
An10g00210	0	0	0	0	1	0	0	0	0	0	0.083333333
An12g02130	0	0	0	0	1	0	0	0	0	0	0.1
An06g00800	0	0	0	0	1	0	0	0	0	0	0.083333333
An08g06740	0	0	0	0	1	0	0	0	0	0	0.1
An04g10110	0	0	0	0	1	0	0	0	0	0	0.083333333
An09g04610	0	0	0	0	1	0	0	0	0	0	0.1
An01g12270	0	0	0	0	1	0	0	0	0	0	0.083333333
An08g09880	0	0	0	0	1	0	0	0	0	0	0.1
An11g07730	0	0	0	0	1	0	0	0	0	0	0.083333333
An12g01790	0	0	0	0	1	0	0	0	0	0	0.1
An16g06570	0	0	0	0	1	0	0	0	0	0	0.083333333
An02g01160	0	0	0	0	1	0	0	0	0	0	0.1
An02g05730	0	0	0	0	1	0	0	0	0	0	0.083333333
An03g02030	0	0	0	0	1	0	0	0	0	0	0.1
An14g03130	0	0	0	0	1	0	0	0	0	0	0.083333333
An15g02560	0	0	0	0	1	0	0	0	0	0	0.1
An08g08940	0	0	0	0	1	0	0	0	0	0	0.083333333
An09g01010	0	0	0	0	1	0	0	0	0	0	0.1
An01g11320	0	0	0	0	1	0	0	0	0	0	0.083333333
An03g04980	0	0	0	0	1	0	0	0	0	0	0.1
An09g02340	0	0	0	0	1	0	0	0	0	0	0.083333333
An10g01040	0	0	0	0	1	0	0	0	0	0	0.1
An04g07350	0	0	0	0	1	0	0	0	0	0	0.083333333
An02g10030	0	0	0	0	1	0	0	0	0	0	0.1
An08g09840	0	0	0	0	1	0	0	0	0	0	0.083333333
An03g05530	0	0	0	0	1	0	0	0	0	0	0.1
An01g14750	0	0	0	0	1	0	0	0	0	0	0.083333333
An02g03750	0	0	0	0	1	0	0	0	0	0	0.1
An13g02670	0	0	0	0	1	0	0	0	0	0	0.083333333
An11g03450	0	0	0	0	1	0	0	0	0	0	0.1
An02g13340	0	0	0	0	1	0	0	0	0	0	0.083333333
An18g00980	0	0	0	0	1	0	0	0	0	0	0.1
An18g02680	0	0	0	0	1	0	0	0	0	0	0.083333333
An02g06950	0	0	0	0	1	0	0	0	0	0	0.1
An03g02360	0	0	0	0	1	0	0	0	0	0	0.083333333
An15g05500	0	0	0	0	1	0	0	0	0	0	0.1
An09g01270	0	0	0	0	1	0	0	0	0	0	0.083333333
An11g02240	0	0	0	0	1	0	0	0	0	0	0.1
An15g05370	0	0	0	0	1	0	0	0	0	0	0.083333333
An08g03510	0	0	0	0	1	0	0	0	0	0	0.1
An05g01590	0	0	0	0	1	0	0	0	0	0	0.083333333
An01g15180	0	0	0	0	1	0	0	0	0	0	0.1
An11g01290	0	0	0	0	1	0	0	0	0	0	0.083333333
An08g02370	0	0	0	0	1	0	0	0	0	0	0.1
An16g06080	0	0	0	0	1	0	0	0	0	0	0.083333333
An01g10450	0	0	0	0	1	0	0	0	0	0	0.1
An12g02680	0	0	0	0	1	0	0	0	0	0	0.083333333
An09g02310	0	0	0	0	1	0	0	0	0	0	0.1
An07g03500	0	0	0	0	1	0	0	0	0	0	0.083333333
An07g04360	0	0	0	0	1	0	0	0	0	0	0.1
An12g10810	0	0	0	0	1	0	0	0	0	0	0.083333333
An18g00530	0	0	0	0	1	0	0	0	0	0	0.1
An15g07620	0	0	0	0	1	0	0	0	0	0	0.083333333
An12g02070	0	0	0	0	1	0	0	0	0	0	0.1
An11g03520	0	0	0	0	1	0	0	0	0	0	0.083333333
An01g02730	0	0	0	0	1	0	0	0	0	0	0.1
An14g06960	0	0	0	0	1	0	0	0	0	0	0.083333333
An04g08500	0	0	0	0	1	0	0	0	0	0	0.1
An13g01500	0	0	0	0	1	0	0	0	0	0	0.083333333
An16g06470	0	0	0	0	1	0	0	0	0	0	0.1
An03g03680	0	0	0	0	1	0	0	0	0	0	0.083333333
An01g11170	0	0	0	0	1	0	0	0	0	0	0.1
An16g06830	0	0	0	0	1	0	0	0	0	0	0.083333333
An01g14410	0	0	0	0	1	0	0	0	0	0	0.1
An02g01300	0	0	0	0	1	0	0	0	0	0	0.083333333
An12g04280	0	0	0	0	1	0	0	0	0	0	0.1
An11g04100	0	0	0	0	1	0	0	0	0	0	0.083333333
An06g00340	0	0	0	0	1	0	0	0	0	0	0.1
An02g00280	0	0	0	0	1	0	0	0	0	0	0.083333333
An15g05670	0	0	0	0	1	0	0	0	0	0	0.1
An12g02660	0	0	0	0	1	0	0	0	0	0	0.083333333
An11g00350	0	0	0	0	1	0	0	0	0	0	0.1
An14g02900	0	0	0	0	1	0	0	0	0	0	0.083333333
An18g05510	0	0	0	0	1	0	0	0	0	0	0.1
An12g01400	0	0	0	0	1	0	0	0	0	0	0.083333333
An02g10170	0	0	0	0	1	0	0	0	0	0	0.1
An04g02920	0	0	0	0	1	0	0	0	0	0	0.083333333
An09g05330	0	0	0	0	1	0	0	0	0	0	0.1
An07g05450	0	0	0	0	1	0	0	0	0	0	0.083333333
An03g00840	0	0	0	0	1	0	0	0	0	0	0.1
An03g02290	0	0	0	0	1	0	0	0	0	0	0.083333333
An11g07810	0	0	0	0	1	0	0	0	0	0	0.1
An12g02340	0	0	0	0	1	0	0	0	0	0	0.083333333
An06g02240	0	0	0	0	1	0	0	0	0	0	0.1
An08g11100	0	0	0	0	1	0	0	0	0	0	0.083333333
An11g03600	0	0	0	0	1	0	0	0	0	0	0.1
An12g01760	0	0	0	0	1	0	0	0	0	0	0.083333333
An03g06640	0	0	0	0	1	0	0	0	0	0	0.1
An12g02500	0	0	0	0	1	0	0	0	0	0	0.083333333
An07g00640	0	0	0	0	1	0	0	0	0	0	0.1
An09g01640	0	0	0	0	1	0	0	0	0	0	0.083333333
An11g02100	0	0	0	0	1	0	0	0	0	0	0.1
An15g02510	0	0	0	0	1	0	0	0	0	0	0.083333333
An11g06480	0	0	0	0	1	0	0	0	0	0	0.1
An18g00340	0	0	0	0	1	0	0	0	0	0	0.083333333
An04g00710	0	0	0	0	1	0	0	0	0	0	0.1
An04g08140	0	0	0	0	1	0	0	0	0	0	0.083333333
An12g10170	0	0	0	0	1	0	0	0	0	0	0.1
An09g05150	0	0	0	0	1	0	0	0	0	0	0.083333333
An18g01090	0	0	0	0	1	0	0	0	0	0	0.1
An14g05110	0	0	0	0	1	0	0	0	0	0	0.083333333
An15g03850	0	0	0	0	1	0	0	0	0	0	0.1
An07g01050	0	0	0	0	1	0	0	0	0	0	0.083333333
An12g09540	0	0	0	0	1	0	0	0	0	0	0.1
An16g01240	0	0	0	0	1	0	0	0	0	0	0.083333333
An01g07940	0	0	0	0	1	0	0	0	0	0	0.1
An11g06320	0	0	0	0	1	0	0	0	0	0	0.083333333
An11g08980	0	0	0	0	1	0	0	0	0	0	0.1
An04g03150	0	0	0	0	1	0	0	0	0	0	0.083333333
An07g01160	0	0	0	0	1	0	0	0	0	0	0.1
An07g00110	0	0	0	0	1	0	0	0	0	0	0.083333333
An12g05020	0	0	0	0	1	0	0	0	0	0	0.1
An05g02350	0	0	0	0	1	0	0	0	0	0	0.083333333
An01g08150	0	0	0	0	1	0	0	0	0	0	0.1
An05g01730	0	0	0	0	1	0	0	0	0	0	0.083333333
An01g06430	0	0	0	0	1	0	0	0	0	0	0.1
An16g00390	0	0	0	0	1	0	0	0	0	0	0.083333333
An12g05950	0	0	0	0	1	0	0	0	0	0	0.1
An06g02600	0	0	0	0	1	0	0	0	0	0	0.083333333
An18g01320	0	0	0	0	1	0	0	0	0	0	0.1
An16g08060	0	0	0	0	1	0	0	0	0	0	0.083333333
An12g09800	0	0	0	0	1	0	0	0	0	0	0.1
An01g02760	0	0	0	0	1	0	0	0	0	0	0.083333333
An01g14000	0	0	0	0	1	0	0	0	0	0	0.1
An13g02160	0	0	0	0	1	0	0	0	0	0	0.083333333
An13g02570	0	0	0	0	1	0	0	0	0	0	0.1
An07g08510	0	0	0	0	1	0	0	0	0	0	0.083333333
An09g00510	0	0	0	0	1	0	0	0	0	0	0.1
An02g13270	0	0	0	0	1	0	0	0	0	0	0.083333333
An14g01840	0	0	0	0	1	0	0	0	0	0	0.1
An03g03690	0	0	0	0	1	0	0	0	0	0	0.083333333
An04g05090	0	0	0	0	1	0	0	0	0	0	0.1
An03g00180	0	0	0	0	1	0	0	0	0	0	0.083333333
An04g09940	0	0	0	0	1	0	0	0	0	0	0.1
An02g00330	0	0	0	0	1	0	0	0	0	0	0.083333333
An09g01410	0	0	0	0	1	0	0	0	0	0	0.1
An03g00130	0	0	0	0	1	0	0	0	0	0	0.083333333
An13g01570	0	0	0	0	1	0	0	0	0	0	0.1
An12g05880	0	0	0	0	1	0	0	0	0	0	0.083333333
An03g03430	0	0	0	0	1	0	0	0	0	0	0.1
An15g04820	0	0	0	0	1	0	0	0	0	0	0.083333333
An11g00360	0	0	0	0	1	0	0	0	0	0	0.1
An14g07280	0	0	0	0	1	0	0	0	0	0	0.083333333
An11g03140	0	0	0	0	1	0	0	0	0	0	0.1
An15g02250	0	0	0	0	1	0	0	0	0	0	0.083333333
An04g08150	0	0	0	0	1	0	0	0	0	0	0.1
An01g01000	0	0	0	0	1	0	0	0	0	0	0.083333333
An11g00190	0	0	0	0	1	0	0	0	0	0	0.1
An08g10760	0	0	0	0	1	0	0	0	0	0	0.083333333
An16g07950	0	0	0	0	1	0	0	0	0	0	0.1
An09g03360	0	0	0	0	1	0	0	0	0	0	0.083333333
An07g08070	0	0	0	0	1	0	0	0	0	0	0.1
An10g01000	0	0	0	0	1	0	0	0	0	0	0.083333333
An15g03500	0	0	0	0	1	0	0	0	0	0	0.1
An16g02810	0	0	0	0	1	0	0	0	0	0	0.083333333
An09g04430	0	0	0	0	1	0	0	0	0	0	0.1
An02g14370	0	0	0	0	1	0	0	0	0	0	0.083333333
